Sample	0	1	2	3	4	5	6	7	8	9	10	11	12	13	14	15	16	17	18	19	20	21	22	23	24	25	26	27	28	29	30	31	32	33	34	35	36	37	38	39	40	41	42	43	44	45	46	47	48	49	50	51	52	53	54	55	56	57	58	59	60	61	62	63	64	65	66	67	68	69	70	71	72	73	74	75	76	77	78	79	80	81	82	83	84	85	86	87	88	89	90	91	92	93	94	95	96	97	98	99	100	101	102	103	104	105	106	107	108	109	110	111	112	113	114	115	116	117	118	119	120	121	122	123	124	125	126	127	128	129	130	131	132	133	134	135	136	137	138	139	140	141	142	143	144	145	146	147	148	149	150	151	152	153	154	155	156	157	158	159	160	161	162	163	164	165	166	167	168	169	170	171	172	173	174	175	176	177	178	179	180	181
cell_01	(1, 52.0)	(2, 51.0)	(3, 56.2)	(4, 50.0)	(5, 51.800000000000004)	(6, 49.2)	(7, 52.6)	(8, 52.400000000000006)	(9, 51.2)	(10, 55.60000000000001)	(11, 49.4)	(12, 53.800000000000004)	(13, 48.8)	(14, 50.8)	(15, 51.800000000000004)	(16, 55.2)	(17, 54.0)	(18, 55.00000000000001)	(19, 53.0)	(20, 52.6)	(21, 48.4)	(22, 46.400000000000006)	(23, 52.400000000000006)	(24, 54.400000000000006)	(25, 51.0)	(26, 50.0)	(27, 52.800000000000004)	(28, 52.400000000000006)	(29, 53.6)	(30, 50.4)	(31, 51.800000000000004)	(32, 54.6)	(33, 51.2)	(34, 53.400000000000006)	(35, 51.800000000000004)	(36, 51.0)	(37, 52.400000000000006)	(38, 55.00000000000001)	(39, 54.2)	(40, 51.6)	(41, 53.800000000000004)	(42, 50.0)	(43, 55.400000000000006)	(44, 53.800000000000004)	(45, 51.800000000000004)	(46, 51.800000000000004)	(47, 50.6)	(48, 53.0)	(49, 54.400000000000006)	(50, 55.400000000000006)	(51, 53.2)	(52, 50.0)	(53, 51.4)	(54, 47.8)	(55, 49.4)	(56, 52.2)	(57, 51.800000000000004)	(58, 47.0)	(59, 49.6)	(60, 51.800000000000004)	(61, 54.400000000000006)	(62, 51.0)	(63, 51.6)	(64, 51.0)	(65, 51.4)	(66, 54.2)	(67, 53.0)	(68, 55.2)	(69, 48.4)	(70, 51.6)	(71, 52.800000000000004)	(72, 51.4)	(73, 51.2)	(74, 57.199999999999996)	(75, 51.2)	(76, 52.400000000000006)	(77, 53.0)	(78, 52.800000000000004)	(79, 50.2)	(80, 50.2)	(81, 50.2)	(82, 53.0)	(83, 57.99999999999999)	(84, 50.4)	(85, 47.599999999999994)	(86, 52.0)	(87, 53.2)	(88, 50.4)	(89, 52.800000000000004)	(90, 49.6)	(91, 48.6)	(92, 48.6)	(93, 50.4)	(94, 54.2)	(95, 45.4)	(96, 52.9058)	(97, 51.9038)	(98, 54.9098)	(99, 52.1042)	(100, 50.901799999999994)																																																																																		
cell_02	(1, 56.99999999999999)	(2, 50.0)	(3, 49.4)	(4, 49.0)	(5, 55.400000000000006)	(6, 48.0)	(7, 54.400000000000006)	(8, 52.6)	(9, 45.2)	(10, 56.99999999999999)	(11, 55.800000000000004)	(12, 53.2)	(13, 48.8)	(14, 50.2)	(15, 49.6)	(16, 54.400000000000006)	(17, 49.4)	(18, 51.0)	(19, 53.800000000000004)	(20, 52.800000000000004)	(21, 54.0)	(22, 50.0)	(23, 58.4)	(24, 52.800000000000004)	(25, 51.6)	(26, 53.400000000000006)	(27, 50.2)	(28, 51.6)	(29, 54.0)	(30, 47.4)	(31, 51.2)	(32, 49.2)	(33, 51.4)	(34, 52.400000000000006)	(35, 51.6)	(36, 49.0)	(37, 51.0)	(38, 49.6)	(39, 52.6)	(40, 54.800000000000004)	(41, 52.0)	(42, 48.4)	(43, 53.0)	(44, 51.0)	(45, 48.8)	(46, 51.2)	(47, 57.599999999999994)	(48, 51.6)	(49, 50.8)	(50, 49.4)	(51, 51.0)	(52, 51.6)	(53, 49.6)	(54, 53.6)	(55, 43.4)	(56, 51.800000000000004)	(57, 48.4)	(58, 47.199999999999996)	(59, 48.8)	(60, 51.2)	(61, 56.2)	(62, 47.0)	(63, 50.6)	(64, 49.0)	(65, 49.8)	(66, 53.0)	(67, 47.199999999999996)	(68, 51.0)	(69, 48.4)	(70, 52.800000000000004)	(71, 49.8)	(72, 52.6)	(73, 49.6)	(74, 50.6)	(75, 51.0)	(76, 52.400000000000006)	(77, 50.0)	(78, 49.2)	(79, 53.6)	(80, 52.400000000000006)	(81, 57.4)	(82, 50.8)	(83, 52.800000000000004)	(84, 55.00000000000001)	(85, 52.0)	(86, 50.2)	(87, 48.0)	(88, 50.2)	(89, 53.6)	(90, 53.0)	(91, 48.4)	(92, 55.60000000000001)	(93, 46.6)	(94, 48.4)	(95, 49.4)	(96, 52.505)	(97, 52.505)	(98, 48.897800000000004)	(99, 49.6994)	(100, 48.897800000000004)																																																																																		
cell_03	(1, 51.0)	(2, 48.199999999999996)	(3, 52.0)	(4, 50.6)	(5, 51.2)	(6, 52.0)	(7, 50.4)	(8, 55.00000000000001)	(9, 50.4)	(10, 54.400000000000006)	(11, 51.4)	(12, 50.8)	(13, 53.6)	(14, 50.2)	(15, 51.4)	(16, 48.8)	(17, 45.6)	(18, 48.8)	(19, 54.6)	(20, 54.0)	(21, 56.599999999999994)	(22, 50.6)	(23, 52.800000000000004)	(24, 52.0)	(25, 56.39999999999999)	(26, 49.2)	(27, 50.2)	(28, 49.4)	(29, 51.4)	(30, 50.4)	(31, 53.2)	(32, 48.4)	(33, 47.8)	(34, 53.400000000000006)	(35, 50.6)	(36, 47.4)	(37, 54.0)	(38, 51.6)	(39, 50.2)	(40, 53.6)	(41, 54.800000000000004)	(42, 48.6)	(43, 54.2)	(44, 50.0)	(45, 51.800000000000004)	(46, 49.6)	(47, 51.0)	(48, 53.6)	(49, 50.4)	(50, 52.2)	(51, 52.2)	(52, 49.8)	(53, 48.199999999999996)	(54, 49.2)	(55, 52.400000000000006)	(56, 49.4)	(57, 52.0)	(58, 45.0)	(59, 51.6)	(60, 50.8)	(61, 51.800000000000004)	(62, 52.2)	(63, 48.8)	(64, 48.4)	(65, 54.800000000000004)	(66, 51.4)	(67, 50.2)	(68, 50.8)	(69, 52.800000000000004)	(70, 49.4)	(71, 49.6)	(72, 48.8)	(73, 54.800000000000004)	(74, 50.0)	(75, 52.0)	(76, 51.0)	(77, 51.0)	(78, 53.2)	(79, 47.599999999999994)	(80, 53.6)	(81, 50.8)	(82, 50.2)	(83, 49.2)	(84, 51.4)	(85, 53.400000000000006)	(86, 50.0)	(87, 52.400000000000006)	(88, 53.2)	(89, 54.2)	(90, 49.2)	(91, 50.2)	(92, 52.400000000000006)	(93, 52.1042)	(94, 52.1042)	(95, 51.004000000000005)	(96, 54.124700000000004)	(97, 49.8994)	(98, 52.716300000000004)	(99, 50.3018)	(100, 51.7103)																																																																																		
cell_04	(1, 54.800000000000004)	(2, 50.4)	(3, 52.0)	(4, 56.599999999999994)	(5, 53.6)	(6, 46.800000000000004)	(7, 51.0)	(8, 47.599999999999994)	(9, 49.4)	(10, 49.2)	(11, 51.6)	(12, 51.0)	(13, 48.6)	(14, 50.8)	(15, 49.0)	(16, 48.199999999999996)	(17, 52.2)	(18, 47.8)	(19, 53.0)	(20, 50.0)	(21, 50.6)	(22, 54.6)	(23, 52.0)	(24, 47.8)	(25, 50.6)	(26, 51.4)	(27, 48.4)	(28, 51.0)	(29, 50.2)	(30, 51.4)	(31, 50.8)	(32, 43.4)	(33, 54.400000000000006)	(34, 51.2)	(35, 49.4)	(36, 50.2)	(37, 51.2)	(38, 47.0)	(39, 54.6)	(40, 52.400000000000006)	(41, 45.2)	(42, 48.4)	(43, 53.800000000000004)	(44, 51.6)	(45, 47.8)	(46, 50.4)	(47, 48.8)	(48, 52.6)	(49, 54.400000000000006)	(50, 51.4)	(51, 48.4)	(52, 53.2)	(53, 51.800000000000004)	(54, 52.400000000000006)	(55, 53.0)	(56, 50.6)	(57, 54.800000000000004)	(58, 50.6)	(59, 52.800000000000004)	(60, 51.800000000000004)	(61, 51.0)	(62, 52.400000000000006)	(63, 53.2)	(64, 51.6)	(65, 55.400000000000006)	(66, 49.6)	(67, 53.0)	(68, 54.6)	(69, 51.800000000000004)	(70, 48.0)	(71, 52.0)	(72, 47.199999999999996)	(73, 51.800000000000004)	(74, 47.599999999999994)	(75, 49.6)	(76, 52.0)	(77, 54.6)	(78, 51.0)	(79, 53.800000000000004)	(80, 51.0)	(81, 51.2)	(82, 53.400000000000006)	(83, 48.8)	(84, 51.0)	(85, 53.0)	(86, 48.199999999999996)	(87, 48.6)	(88, 55.800000000000004)	(89, 53.2)	(90, 49.8)	(91, 50.0)	(92, 50.100199999999994)	(93, 54.9098)	(94, 48.6974)	(95, 51.7034)	(96, 50.100199999999994)	(97, 56.3126)	(98, 53.70740000000001)	(99, 52.9058)	(100, 49.498999999999995)																																																																																		
cell_05	(1, 49.8)	(2, 50.2)	(3, 52.6)	(4, 49.8)	(5, 48.6)	(6, 55.60000000000001)	(7, 52.2)	(8, 49.6)	(9, 54.800000000000004)	(10, 50.4)	(11, 49.6)	(12, 50.6)	(13, 50.4)	(14, 49.6)	(15, 48.4)	(16, 52.400000000000006)	(17, 50.6)	(18, 50.6)	(19, 50.0)	(20, 53.6)	(21, 54.800000000000004)	(22, 54.0)	(23, 53.2)	(24, 52.800000000000004)	(25, 52.800000000000004)	(26, 49.4)	(27, 53.2)	(28, 52.400000000000006)	(29, 52.800000000000004)	(30, 52.2)	(31, 50.6)	(32, 52.0)	(33, 56.99999999999999)	(34, 54.0)	(35, 53.0)	(36, 48.8)	(37, 51.0)	(38, 53.400000000000006)	(39, 52.6)	(40, 51.6)	(41, 53.0)	(42, 48.6)	(43, 51.6)	(44, 52.2)	(45, 51.6)	(46, 51.4)	(47, 49.8)	(48, 49.8)	(49, 56.8)	(50, 50.6)	(51, 52.0)	(52, 51.6)	(53, 51.6)	(54, 53.2)	(55, 52.400000000000006)	(56, 54.0)	(57, 52.0)	(58, 52.0)	(59, 52.0)	(60, 50.6)	(61, 56.99999999999999)	(62, 51.800000000000004)	(63, 55.00000000000001)	(64, 50.6)	(65, 51.6)	(66, 47.8)	(67, 48.8)	(68, 49.4)	(69, 51.800000000000004)	(70, 53.0)	(71, 48.8)	(72, 52.400000000000006)	(73, 55.400000000000006)	(74, 51.4)	(75, 50.6)	(76, 46.2)	(77, 47.199999999999996)	(78, 51.6)	(79, 51.4)	(80, 53.2)	(81, 53.0)	(82, 51.2)	(83, 50.8)	(84, 52.400000000000006)	(85, 49.4)	(86, 53.800000000000004)	(87, 49.6)	(88, 53.6)	(89, 51.0)	(90, 50.4)	(91, 52.800000000000004)	(92, 54.709399999999995)	(93, 49.0982)	(94, 53.1062)	(95, 53.907799999999995)	(96, 53.907799999999995)	(97, 49.8998)	(98, 52.9058)	(99, 51.9038)	(100, 51.9038)																																																																																		
cell_06	(1, 49.2)	(2, 52.800000000000004)	(3, 50.6)	(4, 52.800000000000004)	(5, 52.2)	(6, 54.400000000000006)	(7, 54.2)	(8, 53.400000000000006)	(9, 47.0)	(10, 50.4)	(11, 53.2)	(12, 51.6)	(13, 49.2)	(14, 49.8)	(15, 50.8)	(16, 50.2)	(17, 52.6)	(18, 52.400000000000006)	(19, 50.8)	(20, 49.4)	(21, 51.800000000000004)	(22, 54.800000000000004)	(23, 48.4)	(24, 49.4)	(25, 48.199999999999996)	(26, 46.400000000000006)	(27, 51.2)	(28, 47.8)	(29, 49.0)	(30, 51.6)	(31, 50.2)	(32, 53.6)	(33, 51.800000000000004)	(34, 53.0)	(35, 51.2)	(36, 52.800000000000004)	(37, 52.0)	(38, 52.2)	(39, 49.8)	(40, 50.4)	(41, 52.0)	(42, 54.2)	(43, 48.4)	(44, 50.2)	(45, 49.0)	(46, 55.00000000000001)	(47, 52.800000000000004)	(48, 53.800000000000004)	(49, 47.199999999999996)	(50, 50.8)	(51, 51.0)	(52, 47.599999999999994)	(53, 49.0)	(54, 51.2)	(55, 52.2)	(56, 57.599999999999994)	(57, 50.4)	(58, 45.0)	(59, 55.60000000000001)	(60, 47.599999999999994)	(61, 52.400000000000006)	(62, 52.800000000000004)	(63, 51.4)	(64, 53.0)	(65, 51.800000000000004)	(66, 46.400000000000006)	(67, 55.00000000000001)	(68, 50.0)	(69, 48.6)	(70, 53.0)	(71, 52.6)	(72, 49.8)	(73, 55.400000000000006)	(74, 54.2)	(75, 53.6)	(76, 52.400000000000006)	(77, 49.2)	(78, 53.400000000000006)	(79, 46.800000000000004)	(80, 54.6)	(81, 48.0)	(82, 47.8)	(83, 47.0)	(84, 49.4)	(85, 52.2)	(86, 52.6)	(87, 48.8)	(88, 52.6)	(89, 50.6)	(90, 48.4)	(91, 56.00000000000001)	(92, 50.8)	(93, 52.1042)	(94, 47.0942)	(95, 51.3026)	(96, 53.507000000000005)	(97, 48.2966)	(98, 49.498999999999995)	(99, 50.501)	(100, 48.2966)																																																																																		
cell_07	(1, 50.4)	(2, 48.6)	(3, 50.6)	(4, 53.0)	(5, 52.400000000000006)	(6, 51.6)	(7, 51.4)	(8, 52.0)	(9, 49.8)	(10, 49.8)	(11, 49.2)	(12, 51.0)	(13, 47.8)	(14, 46.6)	(15, 52.0)	(16, 49.0)	(17, 51.6)	(18, 54.0)	(19, 51.0)	(20, 53.6)	(21, 48.199999999999996)	(22, 51.800000000000004)	(23, 51.6)	(24, 52.0)	(25, 51.6)	(26, 53.2)	(27, 55.400000000000006)	(28, 53.6)	(29, 51.6)	(30, 51.6)	(31, 52.400000000000006)	(32, 49.4)	(33, 51.6)	(34, 55.60000000000001)	(35, 54.400000000000006)	(36, 47.4)	(37, 54.2)	(38, 50.2)	(39, 52.400000000000006)	(40, 52.6)	(41, 56.00000000000001)	(42, 54.400000000000006)	(43, 51.6)	(44, 54.800000000000004)	(45, 51.800000000000004)	(46, 52.400000000000006)	(47, 51.0)	(48, 54.6)	(49, 50.6)	(50, 50.0)	(51, 52.6)	(52, 48.199999999999996)	(53, 51.800000000000004)	(54, 47.4)	(55, 50.2)	(56, 53.6)	(57, 50.2)	(58, 47.199999999999996)	(59, 49.4)	(60, 49.0)	(61, 53.400000000000006)	(62, 53.0)	(63, 54.0)	(64, 52.400000000000006)	(65, 51.4)	(66, 54.6)	(67, 53.400000000000006)	(68, 50.6)	(69, 53.6)	(70, 52.400000000000006)	(71, 46.6)	(72, 48.8)	(73, 48.0)	(74, 52.800000000000004)	(75, 52.6)	(76, 50.0)	(77, 51.6)	(78, 49.0)	(79, 51.6)	(80, 48.6)	(81, 50.6)	(82, 47.599999999999994)	(83, 48.6)	(84, 46.6)	(85, 53.2)	(86, 50.0)	(87, 48.6)	(88, 48.4)	(89, 50.0)	(90, 48.0)	(91, 53.3066)	(92, 47.6954)	(93, 51.7034)	(94, 55.020100000000006)	(95, 47.7912)	(96, 47.2837)	(97, 52.515100000000004)	(98, 50.503)	(99, 48.6922)	(100, 50.503)																																																																																		
cell_08	(1, 47.599999999999994)	(2, 51.6)	(3, 52.6)	(4, 51.2)	(5, 50.2)	(6, 51.4)	(7, 52.2)	(8, 48.8)	(9, 54.800000000000004)	(10, 49.2)	(11, 54.6)	(12, 50.2)	(13, 46.800000000000004)	(14, 48.0)	(15, 51.4)	(16, 47.599999999999994)	(17, 53.800000000000004)	(18, 53.0)	(19, 49.6)	(20, 51.6)	(21, 54.2)	(22, 50.4)	(23, 50.8)	(24, 52.2)	(25, 51.4)	(26, 52.400000000000006)	(27, 51.0)	(28, 54.0)	(29, 52.0)	(30, 51.4)	(31, 54.2)	(32, 48.8)	(33, 53.6)	(34, 50.6)	(35, 53.6)	(36, 51.800000000000004)	(37, 50.2)	(38, 51.4)	(39, 55.00000000000001)	(40, 51.6)	(41, 52.800000000000004)	(42, 56.599999999999994)	(43, 51.2)	(44, 54.2)	(45, 52.2)	(46, 50.4)	(47, 50.6)	(48, 53.400000000000006)	(49, 52.2)	(50, 52.800000000000004)	(51, 51.800000000000004)	(52, 52.0)	(53, 47.8)	(54, 49.2)	(55, 48.199999999999996)	(56, 53.400000000000006)	(57, 50.6)	(58, 52.6)	(59, 50.0)	(60, 48.0)	(61, 52.0)	(62, 54.0)	(63, 52.400000000000006)	(64, 51.0)	(65, 50.0)	(66, 47.0)	(67, 54.6)	(68, 53.2)	(69, 48.8)	(70, 51.2)	(71, 54.400000000000006)	(72, 48.199999999999996)	(73, 54.0)	(74, 51.800000000000004)	(75, 50.6)	(76, 52.6)	(77, 50.6)	(78, 53.0)	(79, 48.199999999999996)	(80, 46.800000000000004)	(81, 49.4)	(82, 51.4)	(83, 49.8)	(84, 48.6)	(85, 49.8)	(86, 48.6)	(87, 49.4)	(88, 46.6)	(89, 52.400000000000006)	(90, 51.4)	(91, 51.4)	(92, 53.800000000000004)	(93, 48.6)	(94, 53.2)	(95, 50.8)	(96, 52.3046)	(97, 50.7014)	(98, 49.498999999999995)	(99, 51.9038)	(100, 48.6974)																																																																																		
scRNA_sample_01	(1, 23.393800000000002)	(2, 23.444100000000002)	(3, 88.12020000000001)	(4, 60.624599999999994)	(5, 50.9625)	(6, 58.5761)	(7, 51.0586)	(8, 58.0456)	(9, 49.128899999999994)	(10, 60.1948)	(11, 81.1788)	(12, 76.6062)	(13, 51.268899999999995)	(14, 60.2862)	(15, 58.3657)	(16, 63.2173)	(17, 32.772400000000005)	(18, 60.446299999999994)	(19, 69.8797)	(20, 60.46)	(21, 78.9794)	(22, 51.3787)	(23, 50.720200000000006)	(24, 48.9048)	(25, 49.2341)	(26, 41.7303)	(27, 49.0283)	(28, 76.9217)	(29, 62.558899999999994)	(30, 55.736399999999996)	(31, 46.7694)	(32, 39.668)	(33, 48.9551)	(34, 58.265100000000004)	(35, 32.3837)	(36, 58.11880000000001)	(37, 67.4059)	(38, 81.0691)	(39, 90.7952)	(40, 79.2309)	(41, 39.122299999999996)	(42, 70.0449)	(43, 60.75430000000001)	(44, 30.7795)	(45, 79.2466)	(46, 66.9105)	(47, 50.9663)	(48, 79.2028)	(49, 48.269)	(50, 20.7769)	(51, 79.809)	(52, 90.8882)	(53, 30.8686)	(54, 58.8506)	(55, 90.7833)	(56, 27.820600000000002)	(57, 71.1067)	(58, 70.4708)	(59, 46.3592)	(60, 67.021)	(61, 81.8909)	(62, 60.7477)	(63, 36.9039)	(64, 69.7338)	(65, 70.14439999999999)	(66, 55.3368)	(67, 72.57000000000001)	(68, 28.0133)	(69, 58.0906)	(70, 79.2748)	(71, 29.6575)	(72, 59.2756)	(73, 81.0357)	(74, 78.6965)	(75, 58.7344)	(76, 50.6598)	(77, 60.5939)	(78, 20.3587)	(79, 90.1034)	(80, 51.35809999999999)	(81, 58.526999999999994)	(82, 70.2939)	(83, 51.089)	(84, 60.5579)	(85, 79.318)	(86, 60.089800000000004)	(87, 49.899)	(88, 90.3443)	(89, 51.782399999999996)	(90, 89.8554)	(91, 49.6435)	(1, 23.393800000000002)	(2, 23.444100000000002)	(3, 88.12020000000001)	(4, 60.624599999999994)	(5, 50.9625)	(6, 58.5761)	(7, 51.0586)	(8, 58.0456)	(9, 49.128899999999994)	(10, 60.1948)	(11, 81.1788)	(12, 76.6062)	(13, 51.268899999999995)	(14, 60.2862)	(15, 58.3657)	(16, 63.2173)	(17, 32.772400000000005)	(18, 60.446299999999994)	(19, 69.8797)	(20, 60.46)	(21, 78.9794)	(22, 51.3787)	(23, 50.720200000000006)	(24, 48.9048)	(25, 49.2341)	(26, 41.7303)	(27, 49.0283)	(28, 76.9217)	(29, 62.558899999999994)	(30, 55.736399999999996)	(31, 46.7694)	(32, 39.668)	(33, 48.9551)	(34, 58.265100000000004)	(35, 32.3837)	(36, 58.11880000000001)	(37, 67.4059)	(38, 81.0691)	(39, 90.7952)	(40, 79.2309)	(41, 39.122299999999996)	(42, 70.0449)	(43, 60.75430000000001)	(44, 30.7795)	(45, 79.2466)	(46, 66.9105)	(47, 50.9663)	(48, 79.2028)	(49, 48.269)	(50, 20.7769)	(51, 79.809)	(52, 90.8882)	(53, 30.8686)	(54, 58.8506)	(55, 90.7833)	(56, 27.820600000000002)	(57, 71.1067)	(58, 70.4708)	(59, 46.3592)	(60, 67.021)	(61, 81.8909)	(62, 60.7477)	(63, 36.9039)	(64, 69.7338)	(65, 70.14439999999999)	(66, 55.3368)	(67, 72.57000000000001)	(68, 28.0133)	(69, 58.0906)	(70, 79.2748)	(71, 29.6575)	(72, 59.2756)	(73, 81.0357)	(74, 78.6965)	(75, 58.7344)	(76, 50.6598)	(77, 60.5939)	(78, 20.3587)	(79, 90.1034)	(80, 51.35809999999999)	(81, 58.526999999999994)	(82, 70.2939)	(83, 51.089)	(84, 60.5579)	(85, 79.318)	(86, 60.089800000000004)	(87, 49.899)	(88, 90.3443)	(89, 51.782399999999996)	(90, 89.8554)	(91, 49.6435)
