Sample	0	1	2	3	4	5	6	7	8	9	10	11	12	13	14	15	16	17	18	19	20	21	22	23	24	25	26	27	28	29	30	31	32	33	34	35	36	37	38	39	40	41	42	43	44	45	46	47	48	49	50	51	52	53	54	55	56	57	58	59	60	61	62	63	64	65	66	67	68	69	70	71	72	73	74	75	76	77	78	79	80	81	82	83	84	85	86	87	88	89	90	91	92	93	94	95	96	97	98	99
cell_01	(1, 50.8)	(2, 51.2)	(3, 46.0)	(4, 54.800000000000004)	(5, 51.0)	(6, 52.0)	(7, 49.4)	(8, 50.8)	(9, 55.00000000000001)	(10, 51.4)	(11, 47.4)	(12, 56.39999999999999)	(13, 54.0)	(14, 51.4)	(15, 52.0)	(16, 52.800000000000004)	(17, 54.0)	(18, 52.800000000000004)	(19, 52.2)	(20, 51.6)	(21, 49.0)	(22, 50.4)	(23, 55.400000000000006)	(24, 53.6)	(25, 52.0)	(26, 49.4)	(27, 54.800000000000004)	(28, 51.0)	(29, 46.2)	(30, 49.8)	(31, 55.2)	(32, 51.6)	(33, 51.800000000000004)	(34, 50.2)	(35, 48.199999999999996)	(36, 51.4)	(37, 50.0)	(38, 55.400000000000006)	(39, 56.00000000000001)	(40, 50.6)	(41, 55.400000000000006)	(42, 51.0)	(43, 52.2)	(44, 53.2)	(45, 54.0)	(46, 50.0)	(47, 49.0)	(48, 50.0)	(49, 51.0)	(50, 52.0)	(51, 50.6)	(52, 51.800000000000004)	(53, 53.2)	(54, 53.2)	(55, 51.6)	(56, 53.0)	(57, 46.800000000000004)	(58, 56.599999999999994)	(59, 51.6)	(60, 53.400000000000006)	(61, 53.2)	(62, 50.4)	(63, 51.800000000000004)	(64, 52.400000000000006)	(65, 47.8)	(66, 55.400000000000006)	(67, 51.2)	(68, 50.8)	(69, 54.800000000000004)	(70, 52.6)	(71, 52.2)	(72, 50.8)	(73, 50.0)	(74, 51.6)	(75, 52.6)	(76, 46.0)	(77, 52.800000000000004)	(78, 53.400000000000006)	(79, 56.00000000000001)	(80, 52.0)	(81, 56.00000000000001)	(82, 55.2)	(83, 52.400000000000006)	(84, 55.400000000000006)	(85, 47.8)	(86, 53.2)	(87, 54.0)	(88, 51.6)	(89, 52.800000000000004)	(90, 49.4)	(91, 56.00000000000001)	(92, 51.102199999999996)	(93, 51.102199999999996)	(94, 51.503)	(95, 52.505)	(96, 50.7014)	(97, 50.300599999999996)	(98, 51.9038)	(99, 53.507000000000005)	(100, 51.102199999999996)
cell_02	(1, 55.00000000000001)	(2, 50.4)	(3, 50.6)	(4, 46.6)	(5, 49.6)	(6, 51.2)	(7, 49.0)	(8, 52.0)	(9, 50.6)	(10, 52.400000000000006)	(11, 50.8)	(12, 54.6)	(13, 51.800000000000004)	(14, 53.6)	(15, 54.2)	(16, 56.8)	(17, 54.2)	(18, 51.2)	(19, 50.0)	(20, 50.8)	(21, 51.0)	(22, 50.2)	(23, 54.6)	(24, 53.400000000000006)	(25, 50.4)	(26, 52.2)	(27, 52.0)	(28, 52.2)	(29, 56.39999999999999)	(30, 55.2)	(31, 54.0)	(32, 53.2)	(33, 48.4)	(34, 52.800000000000004)	(35, 49.0)	(36, 52.6)	(37, 52.6)	(38, 53.6)	(39, 48.8)	(40, 48.0)	(41, 51.800000000000004)	(42, 53.6)	(43, 53.0)	(44, 54.2)	(45, 49.2)	(46, 50.4)	(47, 51.0)	(48, 54.400000000000006)	(49, 52.0)	(50, 47.599999999999994)	(51, 52.400000000000006)	(52, 52.400000000000006)	(53, 53.800000000000004)	(54, 50.6)	(55, 48.4)	(56, 53.0)	(57, 52.2)	(58, 53.2)	(59, 51.0)	(60, 50.0)	(61, 48.8)	(62, 50.8)	(63, 53.2)	(64, 52.0)	(65, 49.6)	(66, 53.400000000000006)	(67, 53.0)	(68, 54.2)	(69, 47.8)	(70, 51.800000000000004)	(71, 52.0)	(72, 46.2)	(73, 49.8)	(74, 50.4)	(75, 53.400000000000006)	(76, 53.800000000000004)	(77, 53.2)	(78, 53.0)	(79, 54.0)	(80, 43.8)	(81, 52.0)	(82, 51.6)	(83, 53.400000000000006)	(84, 51.0)	(85, 51.0)	(86, 51.2)	(87, 52.400000000000006)	(88, 56.00000000000001)	(89, 50.4)	(90, 48.0)	(91, 53.0)	(92, 52.400000000000006)	(93, 50.0)	(94, 51.0)	(95, 46.6)	(96, 53.907799999999995)	(97, 56.9138)	(98, 50.501)	(99, 49.0982)	(100, 55.510999999999996)
cell_03	(1, 51.4)	(2, 52.800000000000004)	(3, 52.6)	(4, 51.4)	(5, 48.6)	(6, 47.599999999999994)	(7, 52.0)	(8, 50.6)	(9, 51.2)	(10, 53.2)	(11, 54.800000000000004)	(12, 52.2)	(13, 52.0)	(14, 50.8)	(15, 54.400000000000006)	(16, 53.2)	(17, 53.6)	(18, 53.400000000000006)	(19, 49.0)	(20, 46.400000000000006)	(21, 53.800000000000004)	(22, 52.6)	(23, 51.0)	(24, 50.0)	(25, 52.400000000000006)	(26, 48.0)	(27, 50.4)	(28, 54.400000000000006)	(29, 50.4)	(30, 48.199999999999996)	(31, 56.2)	(32, 49.8)	(33, 55.2)	(34, 54.6)	(35, 53.0)	(36, 50.8)	(37, 48.4)	(38, 53.2)	(39, 48.8)	(40, 55.2)	(41, 53.2)	(42, 50.8)	(43, 50.8)	(44, 48.8)	(45, 48.0)	(46, 50.6)	(47, 55.400000000000006)	(48, 49.0)	(49, 53.2)	(50, 49.0)	(51, 56.599999999999994)	(52, 51.6)	(53, 50.2)	(54, 52.800000000000004)	(55, 48.6)	(56, 48.199999999999996)	(57, 55.00000000000001)	(58, 49.2)	(59, 53.2)	(60, 52.400000000000006)	(61, 55.400000000000006)	(62, 54.0)	(63, 51.6)	(64, 52.6)	(65, 50.4)	(66, 56.00000000000001)	(67, 51.0)	(68, 45.6)	(69, 49.0)	(70, 50.0)	(71, 49.6)	(72, 48.6)	(73, 51.2)	(74, 46.2)	(75, 50.6)	(76, 51.6)	(77, 47.8)	(78, 50.6)	(79, 53.2)	(80, 49.4)	(81, 51.800000000000004)	(82, 50.2)	(83, 53.400000000000006)	(84, 50.0)	(85, 55.800000000000004)	(86, 48.4)	(87, 46.0)	(88, 53.0)	(89, 53.400000000000006)	(90, 53.0)	(91, 57.599999999999994)	(92, 52.6)	(93, 49.8998)	(94, 51.102199999999996)	(95, 50.501)	(96, 46.4789)	(97, 55.332)	(98, 50.7042)	(99, 50.9054)	(100, 54.124700000000004)
cell_04	(1, 51.6)	(2, 49.2)	(3, 53.0)	(4, 51.4)	(5, 52.800000000000004)	(6, 50.4)	(7, 47.0)	(8, 51.2)	(9, 55.2)	(10, 54.800000000000004)	(11, 50.8)	(12, 52.2)	(13, 46.800000000000004)	(14, 52.2)	(15, 50.2)	(16, 52.6)	(17, 50.4)	(18, 54.0)	(19, 53.800000000000004)	(20, 54.400000000000006)	(21, 49.0)	(22, 56.99999999999999)	(23, 49.4)	(24, 48.6)	(25, 49.0)	(26, 53.400000000000006)	(27, 53.0)	(28, 50.4)	(29, 49.0)	(30, 49.4)	(31, 51.0)	(32, 54.6)	(33, 52.800000000000004)	(34, 51.0)	(35, 51.6)	(36, 47.8)	(37, 53.800000000000004)	(38, 50.6)	(39, 48.0)	(40, 52.400000000000006)	(41, 52.6)	(42, 50.8)	(43, 53.6)	(44, 53.400000000000006)	(45, 48.4)	(46, 50.8)	(47, 50.0)	(48, 49.8)	(49, 50.6)	(50, 50.4)	(51, 50.8)	(52, 52.6)	(53, 52.800000000000004)	(54, 52.2)	(55, 52.400000000000006)	(56, 53.800000000000004)	(57, 51.2)	(58, 52.400000000000006)	(59, 52.0)	(60, 52.6)	(61, 53.400000000000006)	(62, 55.2)	(63, 53.2)	(64, 51.4)	(65, 49.6)	(66, 52.6)	(67, 54.0)	(68, 50.0)	(69, 49.2)	(70, 55.800000000000004)	(71, 51.6)	(72, 48.0)	(73, 53.2)	(74, 50.0)	(75, 49.6)	(76, 54.2)	(77, 51.2)	(78, 50.0)	(79, 51.0)	(80, 53.400000000000006)	(81, 51.0)	(82, 49.4)	(83, 53.0)	(84, 52.2)	(85, 49.6)	(86, 52.400000000000006)	(87, 49.8)	(88, 51.0)	(89, 48.4)	(90, 54.400000000000006)	(91, 54.800000000000004)	(92, 52.0)	(93, 52.400000000000006)	(94, 49.4)	(95, 52.6)	(96, 51.800000000000004)	(97, 50.2)	(98, 48.6)	(99, 52.800000000000004)	(100, 49.8)
cell_05	(1, 56.39999999999999)	(2, 51.0)	(3, 54.0)	(4, 54.400000000000006)	(5, 48.8)	(6, 49.0)	(7, 48.6)	(8, 52.400000000000006)	(9, 53.6)	(10, 52.800000000000004)	(11, 52.2)	(12, 49.0)	(13, 54.6)	(14, 53.400000000000006)	(15, 51.4)	(16, 53.800000000000004)	(17, 53.800000000000004)	(18, 54.0)	(19, 48.0)	(20, 51.4)	(21, 53.0)	(22, 50.8)	(23, 53.800000000000004)	(24, 52.400000000000006)	(25, 49.8)	(26, 50.4)	(27, 53.0)	(28, 54.2)	(29, 52.800000000000004)	(30, 51.2)	(31, 54.400000000000006)	(32, 48.4)	(33, 53.0)	(34, 56.00000000000001)	(35, 50.2)	(36, 49.2)	(37, 52.400000000000006)	(38, 49.6)	(39, 52.800000000000004)	(40, 56.599999999999994)	(41, 50.0)	(42, 52.400000000000006)	(43, 52.2)	(44, 56.39999999999999)	(45, 51.800000000000004)	(46, 47.199999999999996)	(47, 51.800000000000004)	(48, 49.0)	(49, 49.2)	(50, 50.0)	(51, 53.6)	(52, 52.6)	(53, 50.2)	(54, 49.8)	(55, 53.400000000000006)	(56, 53.400000000000006)	(57, 54.0)	(58, 53.6)	(59, 53.800000000000004)	(60, 50.2)	(61, 50.8)	(62, 53.800000000000004)	(63, 49.6)	(64, 54.2)	(65, 52.0)	(66, 50.2)	(67, 53.800000000000004)	(68, 50.6)	(69, 54.6)	(70, 55.00000000000001)	(71, 49.8)	(72, 51.2)	(73, 53.400000000000006)	(74, 57.599999999999994)	(75, 52.0)	(76, 48.8)	(77, 47.8)	(78, 55.00000000000001)	(79, 50.0)	(80, 49.0)	(81, 50.4)	(82, 50.0)	(83, 50.4)	(84, 52.0)	(85, 53.0)	(86, 50.8)	(87, 54.0)	(88, 51.2)	(89, 51.2)	(90, 53.2)	(91, 54.2)	(92, 52.505)	(93, 52.3046)	(94, 52.705400000000004)	(95, 51.3026)	(96, 54.3086)	(97, 48.497)	(98, 54.9098)	(99, 53.507000000000005)	(100, 52.9058)
cell_06	(1, 44.0)	(2, 52.0)	(3, 51.2)	(4, 53.400000000000006)	(5, 53.2)	(6, 51.0)	(7, 51.6)	(8, 52.0)	(9, 52.400000000000006)	(10, 52.6)	(11, 48.199999999999996)	(12, 50.0)	(13, 48.8)	(14, 52.6)	(15, 52.2)	(16, 51.0)	(17, 52.800000000000004)	(18, 49.4)	(19, 47.8)	(20, 49.0)	(21, 52.0)	(22, 48.0)	(23, 49.0)	(24, 53.2)	(25, 54.0)	(26, 52.800000000000004)	(27, 49.4)	(28, 52.400000000000006)	(29, 48.6)	(30, 50.8)	(31, 52.800000000000004)	(32, 47.199999999999996)	(33, 49.6)	(34, 49.6)	(35, 53.2)	(36, 51.0)	(37, 52.2)	(38, 52.400000000000006)	(39, 55.800000000000004)	(40, 54.0)	(41, 50.4)	(42, 53.6)	(43, 50.2)	(44, 48.8)	(45, 50.8)	(46, 53.6)	(47, 52.800000000000004)	(48, 52.6)	(49, 51.0)	(50, 49.6)	(51, 47.199999999999996)	(52, 52.800000000000004)	(53, 50.6)	(54, 54.2)	(55, 46.800000000000004)	(56, 50.8)	(57, 50.8)	(58, 54.400000000000006)	(59, 54.0)	(60, 51.6)	(61, 54.0)	(62, 52.6)	(63, 51.4)	(64, 51.4)	(65, 54.2)	(66, 54.2)	(67, 49.8)	(68, 50.0)	(69, 50.8)	(70, 52.800000000000004)	(71, 53.400000000000006)	(72, 49.2)	(73, 52.2)	(74, 50.4)	(75, 52.0)	(76, 48.4)	(77, 51.800000000000004)	(78, 50.4)	(79, 55.2)	(80, 55.60000000000001)	(81, 52.0)	(82, 51.800000000000004)	(83, 53.6)	(84, 51.6)	(85, 47.599999999999994)	(86, 53.2)	(87, 49.6)	(88, 53.6)	(89, 53.400000000000006)	(90, 49.6)	(91, 44.800000000000004)	(92, 49.2)	(93, 50.10059999999999)	(94, 53.923500000000004)	(95, 51.5091)	(96, 51.7103)	(97, 50.9054)	(98, 48.8934)	(99, 52.515100000000004)	(100, 49.497)
cell_07	(1, 52.0)	(2, 47.8)	(3, 48.199999999999996)	(4, 45.800000000000004)	(5, 49.2)	(6, 48.4)	(7, 50.8)	(8, 51.4)	(9, 47.599999999999994)	(10, 48.0)	(11, 47.599999999999994)	(12, 51.0)	(13, 50.4)	(14, 48.0)	(15, 52.2)	(16, 50.0)	(17, 52.800000000000004)	(18, 48.8)	(19, 53.0)	(20, 49.4)	(21, 51.6)	(22, 51.6)	(23, 52.2)	(24, 51.800000000000004)	(25, 47.8)	(26, 49.4)	(27, 54.0)	(28, 53.2)	(29, 47.599999999999994)	(30, 52.6)	(31, 49.6)	(32, 50.4)	(33, 50.4)	(34, 47.4)	(35, 48.6)	(36, 51.800000000000004)	(37, 54.400000000000006)	(38, 49.0)	(39, 51.800000000000004)	(40, 47.0)	(41, 52.0)	(42, 50.4)	(43, 46.2)	(44, 53.6)	(45, 52.400000000000006)	(46, 49.8)	(47, 52.2)	(48, 52.400000000000006)	(49, 52.2)	(50, 52.6)	(51, 49.0)	(52, 51.800000000000004)	(53, 53.0)	(54, 49.6)	(55, 53.2)	(56, 48.8)	(57, 54.0)	(58, 49.2)	(59, 50.8)	(60, 54.0)	(61, 52.400000000000006)	(62, 53.6)	(63, 49.4)	(64, 49.6)	(65, 50.6)	(66, 50.8)	(67, 49.4)	(68, 50.0)	(69, 50.4)	(70, 48.8)	(71, 49.8)	(72, 50.2)	(73, 49.6)	(74, 53.800000000000004)	(75, 52.6)	(76, 53.6)	(77, 51.6)	(78, 51.4)	(79, 52.6)	(80, 49.8)	(81, 51.6)	(82, 51.6)	(83, 51.6)	(84, 51.6)	(85, 54.800000000000004)	(86, 55.60000000000001)	(87, 52.2)	(88, 49.8)	(89, 54.800000000000004)	(90, 56.2)	(91, 55.800000000000004)	(92, 52.0)	(93, 49.8)	(94, 46.400000000000006)	(95, 55.800000000000004)	(96, 53.400000000000006)	(97, 53.0)	(98, 49.8)	(99, 48.8)	(100, 48.199999999999996)
cell_08	(1, 53.400000000000006)	(2, 53.0)	(3, 49.0)	(4, 49.6)	(5, 49.6)	(6, 44.6)	(7, 49.4)	(8, 52.2)	(9, 50.4)	(10, 49.6)	(11, 53.6)	(12, 48.6)	(13, 50.8)	(14, 52.800000000000004)	(15, 50.8)	(16, 50.6)	(17, 50.0)	(18, 53.0)	(19, 49.8)	(20, 52.800000000000004)	(21, 49.8)	(22, 51.2)	(23, 51.4)	(24, 57.599999999999994)	(25, 52.2)	(26, 51.2)	(27, 53.400000000000006)	(28, 50.6)	(29, 54.800000000000004)	(30, 50.6)	(31, 50.4)	(32, 48.8)	(33, 50.4)	(34, 48.6)	(35, 55.00000000000001)	(36, 51.0)	(37, 51.4)	(38, 50.0)	(39, 51.0)	(40, 48.8)	(41, 49.6)	(42, 51.4)	(43, 50.2)	(44, 49.2)	(45, 49.2)	(46, 52.400000000000006)	(47, 53.400000000000006)	(48, 52.2)	(49, 51.0)	(50, 49.4)	(51, 52.800000000000004)	(52, 47.0)	(53, 52.0)	(54, 50.8)	(55, 50.4)	(56, 50.6)	(57, 50.6)	(58, 52.800000000000004)	(59, 51.4)	(60, 48.8)	(61, 49.6)	(62, 51.4)	(63, 52.0)	(64, 51.2)	(65, 49.4)	(66, 55.2)	(67, 55.800000000000004)	(68, 52.6)	(69, 52.2)	(70, 50.2)	(71, 54.2)	(72, 48.6)	(73, 52.400000000000006)	(74, 57.99999999999999)	(75, 49.0)	(76, 53.6)	(77, 51.0)	(78, 53.0)	(79, 56.2)	(80, 54.6)	(81, 50.8)	(82, 51.0)	(83, 55.60000000000001)	(84, 54.6)	(85, 52.800000000000004)	(86, 53.2)	(87, 50.6)	(88, 51.6)	(89, 50.6)	(90, 49.2)	(91, 53.2)	(92, 51.4)	(93, 53.6)	(94, 53.2)	(95, 49.2)	(96, 52.2)	(97, 52.2)	(98, 57.199999999999996)	(99, 49.0)	(100, 51.800000000000004)
scRNA_sample_01	(1, 4.13828)	(2, 33.5086)	(3, 45.9463)	(4, 50.6836)	(5, 52.059999999999995)	(6, 52.6224)	(7, 55.7547)	(8, 53.367799999999995)	(9, 43.737700000000004)	(10, 45.6399)	(11, 45.219300000000004)	(12, 48.118300000000005)	(13, 49.824)	(14, 46.7603)	(15, 53.78849999999999)	(16, 47.9309)	(17, 49.9977)	(18, 50.016000000000005)	(19, 49.8971)	(20, 49.5907)	(21, 50.0023)	(22, 50.2081)	(23, 50.112)	(24, 50.2172)	(25, 50.080000000000005)	(26, 50.1898)	(27, 50.0251)	(28, 49.8285)	(1, 4.13828)	(2, 33.5086)	(3, 45.9463)	(4, 50.6836)	(5, 52.059999999999995)	(6, 52.6224)	(7, 55.7547)	(8, 53.367799999999995)	(9, 43.737700000000004)	(10, 45.6399)	(11, 45.219300000000004)	(12, 48.118300000000005)	(13, 49.824)	(14, 46.7603)	(15, 53.78849999999999)	(16, 47.9309)	(17, 49.9977)	(18, 50.016000000000005)	(19, 49.8971)	(20, 49.5907)	(21, 50.0023)	(22, 50.2081)	(23, 50.112)	(24, 50.2172)	(25, 50.080000000000005)	(26, 50.1898)	(27, 50.0251)	(28, 49.8285)																																												
