Sample	0	1	2	3	4	5	6	7	8	9	10	11	12	13	14	15	16	17	18	19	20	21	22	23	24	25	26	27	28	29	30	31	32	33	34	35	36	37	38	39	40	41	42	43	44	45	46	47	48	49	50	51	52	53	54	55	56	57	58	59	60	61	62	63	64	65	66	67	68	69	70	71	72	73	74	75	76	77	78	79	80	81	82	83	84	85	86	87	88	89	90	91	92	93	94	95	96	97	98	99
cell_01	(1, 36.496)	(2, 35.546)	(3, 35.476)	(4, 35.628)	(5, 35.426)	(6, 35.48)	(7, 35.436)	(8, 35.67)	(9, 35.466)	(10, 35.622)	(11, 35.596)	(12, 35.55)	(13, 35.62)	(14, 34.484)	(15, 34.544)	(16, 34.486)	(17, 34.314)	(18, 34.532)	(19, 34.64)	(20, 34.558)	(21, 34.35)	(22, 34.294)	(23, 34.586)	(24, 34.482)	(25, 34.812)	(26, 34.614)	(27, 33.47)	(28, 33.526)	(29, 33.504)	(30, 33.43)	(31, 33.652)	(32, 33.31)	(33, 33.492)	(34, 33.338)	(35, 33.482)	(36, 33.384)	(37, 33.48)	(38, 33.45)	(39, 32.524)	(40, 32.318)	(41, 32.632)	(42, 32.544)	(43, 32.444)	(44, 32.508)	(45, 32.456)	(46, 32.316)	(47, 32.764)	(48, 32.498)	(49, 32.43)	(50, 32.614)	(51, 32.334)	(52, 31.482)	(53, 31.622)	(54, 31.732)	(55, 31.458)	(56, 31.372)	(57, 31.57)	(58, 31.43)	(59, 31.464)	(60, 31.428)	(61, 31.5)	(62, 31.524)	(63, 31.378)	(64, 30.51)	(65, 30.476)	(66, 30.468)	(67, 30.628)	(68, 30.542)	(69, 30.312)	(70, 30.852)	(71, 30.598)	(72, 30.384)	(73, 30.516)	(74, 30.478)	(75, 30.548)	(76, 30.406)	(77, 29.41)	(78, 29.366)	(79, 29.548)	(80, 29.386)	(81, 29.374)	(82, 29.488)	(83, 29.534)	(84, 29.402)	(85, 29.43)	(86, 29.526)	(87, 29.612)	(88, 29.578)	(89, 28.458)	(90, 28.5)	(91, 28.56)	(92, 28.3848)	(93, 28.519)	(94, 28.4669)	(95, 28.5411)	(96, 28.4729)	(97, 28.6473)	(98, 28.477)	(99, 28.5531)	(100, 28.503)
cell_02	(1, 36.432)	(2, 35.418)	(3, 35.518)	(4, 35.64)	(5, 35.6)	(6, 35.526)	(7, 35.49)	(8, 35.384)	(9, 35.59)	(10, 35.45)	(11, 35.474)	(12, 35.566)	(13, 35.446)	(14, 34.656)	(15, 34.552)	(16, 34.542)	(17, 34.604)	(18, 34.476)	(19, 34.508)	(20, 34.544)	(21, 34.486)	(22, 34.614)	(23, 34.46)	(24, 34.552)	(25, 34.658)	(26, 34.576)	(27, 33.606)	(28, 33.406)	(29, 33.404)	(30, 33.508)	(31, 33.586)	(32, 33.648)	(33, 33.606)	(34, 33.58)	(35, 33.678)	(36, 33.352)	(37, 33.482)	(38, 33.598)	(39, 32.582)	(40, 32.452)	(41, 32.368)	(42, 32.354)	(43, 32.468)	(44, 32.414)	(45, 32.49)	(46, 32.59)	(47, 32.28)	(48, 32.414)	(49, 32.562)	(50, 32.57)	(51, 32.424)	(52, 31.512)	(53, 31.668)	(54, 31.52)	(55, 31.548)	(56, 31.606)	(57, 31.702)	(58, 31.392)	(59, 31.61)	(60, 31.658)	(61, 31.432)	(62, 31.526)	(63, 31.526)	(64, 30.622)	(65, 30.404)	(66, 30.542)	(67, 30.594)	(68, 30.488)	(69, 30.738)	(70, 30.394)	(71, 30.682)	(72, 30.43)	(73, 30.562)	(74, 30.52)	(75, 30.636)	(76, 30.324)	(77, 29.284)	(78, 29.662)	(79, 29.52)	(80, 29.53)	(81, 29.414)	(82, 29.442)	(83, 29.526)	(84, 29.484)	(85, 29.502)	(86, 29.55)	(87, 29.386)	(88, 29.41)	(89, 28.49)	(90, 28.542)	(91, 28.55)	(92, 28.35)	(93, 28.53)	(94, 28.256)	(95, 28.67)	(96, 28.3567)	(97, 28.4729)	(98, 28.5511)	(99, 28.3647)	(100, 28.5691)
cell_03	(1, 36.474)	(2, 35.598)	(3, 35.504)	(4, 35.558)	(5, 35.59)	(6, 35.406)	(7, 35.358)	(8, 35.57)	(9, 35.398)	(10, 35.62)	(11, 35.48)	(12, 35.558)	(13, 35.7)	(14, 34.44)	(15, 34.384)	(16, 34.478)	(17, 34.542)	(18, 34.498)	(19, 34.57)	(20, 34.554)	(21, 34.518)	(22, 34.724)	(23, 34.434)	(24, 34.342)	(25, 34.398)	(26, 34.622)	(27, 33.42)	(28, 33.352)	(29, 33.574)	(30, 33.398)	(31, 33.382)	(32, 33.496)	(33, 33.538)	(34, 33.61)	(35, 33.586)	(36, 33.408)	(37, 33.444)	(38, 33.496)	(39, 32.614)	(40, 32.374)	(41, 32.616)	(42, 32.512)	(43, 32.472)	(44, 32.492)	(45, 32.538)	(46, 32.426)	(47, 32.454)	(48, 32.38)	(49, 32.696)	(50, 32.528)	(51, 32.452)	(52, 31.452)	(53, 31.394)	(54, 31.756)	(55, 31.71)	(56, 31.526)	(57, 31.474)	(58, 31.428)	(59, 31.622)	(60, 31.496)	(61, 31.5)	(62, 31.61)	(63, 31.484)	(64, 30.572)	(65, 30.53)	(66, 30.316)	(67, 30.536)	(68, 30.484)	(69, 30.528)	(70, 30.554)	(71, 30.444)	(72, 30.662)	(73, 30.396)	(74, 30.41)	(75, 30.34)	(76, 30.49)	(77, 29.638)	(78, 29.548)	(79, 29.234)	(80, 29.484)	(81, 29.512)	(82, 29.432)	(83, 29.372)	(84, 29.66)	(85, 29.568)	(86, 29.55)	(87, 29.384)	(88, 29.578)	(89, 28.534)	(90, 28.646)	(91, 28.434)	(92, 28.472)	(93, 28.6232)	(94, 28.7455)	(95, 28.3287)	(96, 28.6137)	(97, 28.7425)	(98, 28.4628)	(99, 28.3702)	(100, 28.4225)
cell_04	(1, 36.552)	(2, 35.482)	(3, 35.602)	(4, 35.566)	(5, 35.596)	(6, 35.456)	(7, 35.644)	(8, 35.576)	(9, 35.364)	(10, 35.29)	(11, 35.552)	(12, 35.562)	(13, 35.582)	(14, 34.462)	(15, 34.692)	(16, 34.234)	(17, 34.418)	(18, 34.552)	(19, 34.658)	(20, 34.572)	(21, 34.488)	(22, 34.432)	(23, 34.46)	(24, 34.642)	(25, 34.378)	(26, 34.444)	(27, 33.514)	(28, 33.682)	(29, 33.496)	(30, 33.466)	(31, 33.73)	(32, 33.418)	(33, 33.41)	(34, 33.52)	(35, 33.566)	(36, 33.408)	(37, 33.41)	(38, 33.658)	(39, 32.588)	(40, 32.68)	(41, 32.696)	(42, 32.404)	(43, 32.408)	(44, 32.514)	(45, 32.318)	(46, 32.418)	(47, 32.496)	(48, 32.682)	(49, 32.562)	(50, 32.508)	(51, 32.616)	(52, 31.318)	(53, 31.252)	(54, 31.444)	(55, 31.556)	(56, 31.536)	(57, 31.384)	(58, 31.39)	(59, 31.458)	(60, 31.738)	(61, 31.622)	(62, 31.444)	(63, 31.446)	(64, 30.526)	(65, 30.532)	(66, 30.598)	(67, 30.548)	(68, 30.374)	(69, 30.452)	(70, 30.456)	(71, 30.584)	(72, 30.476)	(73, 30.564)	(74, 30.396)	(75, 30.67)	(76, 30.436)	(77, 29.518)	(78, 29.436)	(79, 29.516)	(80, 29.374)	(81, 29.552)	(82, 29.356)	(83, 29.412)	(84, 29.446)	(85, 29.446)	(86, 29.446)	(87, 29.614)	(88, 29.602)	(89, 28.41)	(90, 28.54)	(91, 28.492)	(92, 28.476)	(93, 28.628)	(94, 28.482)	(95, 28.436)	(96, 28.618)	(97, 28.494)	(98, 28.592)	(99, 28.51)	(100, 28.576)
cell_05	(1, 36.622)	(2, 35.368)	(3, 35.47)	(4, 35.484)	(5, 35.444)	(6, 35.586)	(7, 35.566)	(8, 35.358)	(9, 35.586)	(10, 35.556)	(11, 35.606)	(12, 35.468)	(13, 35.478)	(14, 34.552)	(15, 34.718)	(16, 34.498)	(17, 34.768)	(18, 34.382)	(19, 34.356)	(20, 34.46)	(21, 34.702)	(22, 34.504)	(23, 34.392)	(24, 34.48)	(25, 34.6)	(26, 34.394)	(27, 33.436)	(28, 33.452)	(29, 33.494)	(30, 33.634)	(31, 33.336)	(32, 33.628)	(33, 33.426)	(34, 33.472)	(35, 33.306)	(36, 33.554)	(37, 33.616)	(38, 33.614)	(39, 32.658)	(40, 32.502)	(41, 32.594)	(42, 32.594)	(43, 32.582)	(44, 32.602)	(45, 32.614)	(46, 32.724)	(47, 32.446)	(48, 32.514)	(49, 32.502)	(50, 32.42)	(51, 32.712)	(52, 31.512)	(53, 31.674)	(54, 31.44)	(55, 31.56)	(56, 31.546)	(57, 31.538)	(58, 31.406)	(59, 31.472)	(60, 31.45)	(61, 31.68)	(62, 31.618)	(63, 31.596)	(64, 30.438)	(65, 30.452)	(66, 30.722)	(67, 30.424)	(68, 30.43)	(69, 30.766)	(70, 30.582)	(71, 30.29)	(72, 30.416)	(73, 30.48)	(74, 30.61)	(75, 30.404)	(76, 30.618)	(77, 29.47)	(78, 29.564)	(79, 29.658)	(80, 29.546)	(81, 29.498)	(82, 29.622)	(83, 29.46)	(84, 29.484)	(85, 29.578)	(86, 29.488)	(87, 29.428)	(88, 29.322)	(89, 28.524)	(90, 28.506)	(91, 28.602)	(92, 28.5651)	(93, 28.3427)	(94, 28.5892)	(95, 28.4108)	(96, 28.5511)	(97, 28.3006)	(98, 28.6293)	(99, 28.4469)	(100, 28.5711)
cell_06	(1, 36.554)	(2, 35.488)	(3, 35.464)	(4, 35.388)	(5, 35.51)	(6, 35.546)	(7, 35.532)	(8, 35.466)	(9, 35.368)	(10, 35.618)	(11, 35.518)	(12, 35.408)	(13, 35.504)	(14, 34.594)	(15, 34.576)	(16, 34.526)	(17, 34.658)	(18, 34.526)	(19, 34.386)	(20, 34.448)	(21, 34.47)	(22, 34.464)	(23, 34.462)	(24, 34.448)	(25, 34.602)	(26, 34.518)	(27, 33.564)	(28, 33.458)	(29, 33.51)	(30, 33.468)	(31, 33.29)	(32, 33.502)	(33, 33.466)	(34, 33.45)	(35, 33.688)	(36, 33.52)	(37, 33.65)	(38, 33.398)	(39, 32.474)	(40, 32.558)	(41, 32.566)	(42, 32.552)	(43, 32.396)	(44, 32.376)	(45, 32.59)	(46, 32.478)	(47, 32.572)	(48, 32.424)	(49, 32.434)	(50, 32.498)	(51, 32.768)	(52, 31.566)	(53, 31.486)	(54, 31.54)	(55, 31.43)	(56, 31.712)	(57, 31.548)	(58, 31.456)	(59, 31.626)	(60, 31.296)	(61, 31.492)	(62, 31.472)	(63, 31.456)	(64, 30.47)	(65, 30.608)	(66, 30.522)	(67, 30.58)	(68, 30.334)	(69, 30.33)	(70, 30.532)	(71, 30.418)	(72, 30.324)	(73, 30.478)	(74, 30.502)	(75, 30.358)	(76, 30.588)	(77, 29.522)	(78, 29.542)	(79, 29.416)	(80, 29.436)	(81, 29.444)	(82, 29.55)	(83, 29.604)	(84, 29.296)	(85, 29.626)	(86, 29.484)	(87, 29.438)	(88, 29.64)	(89, 28.558)	(90, 28.602)	(91, 28.298)	(92, 28.576)	(93, 28.3602)	(94, 28.3722)	(95, 28.5332)	(96, 28.6579)	(97, 28.4809)	(98, 28.5171)	(99, 28.3481)	(100, 28.8028)
cell_07	(1, 36.458)	(2, 35.578)	(3, 35.48)	(4, 35.442)	(5, 35.51)	(6, 35.446)	(7, 35.45)	(8, 35.472)	(9, 35.314)	(10, 35.54)	(11, 35.478)	(12, 35.366)	(13, 35.648)	(14, 34.492)	(15, 34.574)	(16, 34.438)	(17, 34.59)	(18, 34.418)	(19, 34.384)	(20, 34.36)	(21, 34.38)	(22, 34.458)	(23, 34.47)	(24, 34.486)	(25, 34.472)	(26, 34.526)	(27, 33.412)	(28, 33.552)	(29, 33.516)	(30, 33.538)	(31, 33.536)	(32, 33.372)	(33, 33.608)	(34, 33.432)	(35, 33.542)	(36, 33.448)	(37, 33.55)	(38, 33.392)	(39, 32.332)	(40, 32.35)	(41, 32.704)	(42, 32.62)	(43, 32.67)	(44, 32.456)	(45, 32.54)	(46, 32.698)	(47, 32.334)	(48, 32.606)	(49, 32.698)	(50, 32.396)	(51, 32.554)	(52, 31.466)	(53, 31.652)	(54, 31.294)	(55, 31.474)	(56, 31.456)	(57, 31.622)	(58, 31.52)	(59, 31.38)	(60, 31.49)	(61, 31.412)	(62, 31.556)	(63, 31.346)	(64, 30.23)	(65, 30.508)	(66, 30.53)	(67, 30.618)	(68, 30.33)	(69, 30.564)	(70, 30.598)	(71, 30.734)	(72, 30.54)	(73, 30.656)	(74, 30.412)	(75, 30.632)	(76, 30.5)	(77, 29.474)	(78, 29.488)	(79, 29.454)	(80, 29.708)	(81, 29.39)	(82, 29.574)	(83, 29.652)	(84, 29.692)	(85, 29.604)	(86, 29.46)	(87, 29.548)	(88, 29.552)	(89, 28.536)	(90, 28.426)	(91, 28.634)	(92, 28.45)	(93, 28.244)	(94, 28.656)	(95, 28.606)	(96, 28.396)	(97, 28.462)	(98, 28.41)	(99, 28.432)	(100, 28.518)
cell_08	(1, 36.492)	(2, 35.544)	(3, 35.59)	(4, 35.434)	(5, 35.514)	(6, 35.478)	(7, 35.486)	(8, 35.612)	(9, 35.512)	(10, 35.568)	(11, 35.612)	(12, 35.434)	(13, 35.43)	(14, 34.65)	(15, 34.476)	(16, 34.556)	(17, 34.614)	(18, 34.518)	(19, 34.578)	(20, 34.638)	(21, 34.506)	(22, 34.65)	(23, 34.58)	(24, 34.42)	(25, 34.392)	(26, 34.292)	(27, 33.52)	(28, 33.64)	(29, 33.61)	(30, 33.642)	(31, 33.424)	(32, 33.61)	(33, 33.58)	(34, 33.448)	(35, 33.42)	(36, 33.488)	(37, 33.404)	(38, 33.636)	(39, 32.55)	(40, 32.41)	(41, 32.638)	(42, 32.522)	(43, 32.618)	(44, 32.606)	(45, 32.526)	(46, 32.42)	(47, 32.676)	(48, 32.644)	(49, 32.372)	(50, 32.494)	(51, 32.646)	(52, 31.584)	(53, 31.444)	(54, 31.432)	(55, 31.482)	(56, 31.57)	(57, 31.67)	(58, 31.574)	(59, 31.566)	(60, 31.59)	(61, 31.574)	(62, 31.438)	(63, 31.442)	(64, 30.352)	(65, 30.504)	(66, 30.632)	(67, 30.392)	(68, 30.688)	(69, 30.314)	(70, 30.662)	(71, 30.346)	(72, 30.398)	(73, 30.644)	(74, 30.416)	(75, 30.59)	(76, 30.412)	(77, 29.566)	(78, 29.6)	(79, 29.524)	(80, 29.75)	(81, 29.518)	(82, 29.562)	(83, 29.364)	(84, 29.3)	(85, 29.504)	(86, 29.558)	(87, 29.476)	(88, 29.392)	(89, 28.656)	(90, 28.316)	(91, 28.576)	(92, 28.462)	(93, 28.548)	(94, 28.4)	(95, 28.646)	(96, 28.49)	(97, 28.422)	(98, 28.462)	(99, 28.432)	(100, 28.436)
scRNA_sample_01	(1, 36.1508)	(2, 36.1272)	(3, 36.1382)	(4, 36.1462)	(5, 36.1189)	(6, 36.1446)	(7, 36.1317)	(8, 36.115)	(9, 36.1251)	(10, 36.12)	(11, 36.1362)	(12, 36.1123)	(13, 36.1438)	(14, 36.1344)	(15, 36.1077)	(16, 36.1309)	(17, 36.1442)	(18, 36.1106)	(19, 36.1148)	(20, 36.1768)	(21, 36.1302)	(22, 36.1537)	(23, 36.1157)	(24, 36.1136)	(25, 36.1312)	(26, 36.1385)	(27, 36.1186)	(28, 36.1307)	(1, 36.1508)	(2, 36.1272)	(3, 36.1382)	(4, 36.1462)	(5, 36.1189)	(6, 36.1446)	(7, 36.1317)	(8, 36.115)	(9, 36.1251)	(10, 36.12)	(11, 36.1362)	(12, 36.1123)	(13, 36.1438)	(14, 36.1344)	(15, 36.1077)	(16, 36.1309)	(17, 36.1442)	(18, 36.1106)	(19, 36.1148)	(20, 36.1768)	(21, 36.1302)	(22, 36.1537)	(23, 36.1157)	(24, 36.1136)	(25, 36.1312)	(26, 36.1385)	(27, 36.1186)	(28, 36.1307)																																												
