Sample	0	1	2	3	4	5	6	7	8	9	10	11	12	13	14	15	16	17	18	19	20	21	22	23	24	25	26	27	28	29	30	31	32	33	34	35	36	37	38	39	40	41	42	43	44	45	46	47	48	49	50	51	52	53	54
cell_01_R1	(1, 36.496)	(2, 35.546)	(3, 35.476)	(4, 35.628)	(5, 35.426)	(6, 35.48)	(7, 35.436)	(8, 35.67)	(9, 35.466)	(10, 35.608999999999995)	(12, 35.584999999999994)	(14, 34.513999999999996)	(16, 34.4)	(18, 34.586)	(20, 34.454)	(22, 34.44)	(24, 34.647)	(26, 34.042)	(28, 33.515)	(30, 33.541)	(32, 33.400999999999996)	(34, 33.41)	(36, 33.432)	(38, 32.987)	(40, 32.474999999999994)	(42, 32.494)	(44, 32.482)	(46, 32.540000000000006)	(48, 32.464)	(50, 32.474000000000004)	(52, 31.552)	(54, 31.595)	(56, 31.471)	(58, 31.447)	(60, 31.464)	(62, 31.451)	(64, 30.493000000000002)	(66, 30.548000000000002)	(68, 30.427)	(70, 30.725)	(72, 30.45)	(74, 30.512999999999998)	(76, 29.908)	(78, 29.457)	(80, 29.38)	(82, 29.511)	(84, 29.416)	(86, 29.569)	(88, 29.018)	(90, 28.53)	(92, 28.456)	(94, 28.503999999999998)	(96, 28.560000000000002)	(98, 28.514000000000003)	(100, 28.51)
cell_01_R2	(1, 36.422)	(2, 35.406)	(3, 35.642)	(4, 35.414)	(5, 35.52)	(6, 35.358)	(7, 35.498)	(8, 35.504)	(9, 35.498)	(10, 35.6)	(12, 35.533)	(14, 34.325)	(16, 34.486999999999995)	(18, 34.512)	(20, 34.522999999999996)	(22, 34.57599999999999)	(24, 34.438)	(26, 34.033)	(28, 33.488)	(30, 33.441)	(32, 33.480999999999995)	(34, 33.507999999999996)	(36, 33.373000000000005)	(38, 33.17)	(40, 32.572)	(42, 32.556)	(44, 32.522)	(46, 32.519000000000005)	(48, 32.602000000000004)	(50, 32.536)	(52, 31.542)	(54, 31.46)	(56, 31.403)	(58, 31.308999999999997)	(60, 31.545)	(62, 31.395)	(64, 30.481)	(66, 30.512999999999998)	(68, 30.442)	(70, 30.413)	(72, 30.380000000000003)	(74, 30.387)	(76, 30.086)	(78, 29.532)	(80, 29.564)	(82, 29.453000000000003)	(84, 29.57)	(86, 29.65)	(88, 28.97)	(90, 28.625999999999998)	(92, 28.318)	(94, 28.426000000000002)	(96, 28.524)	(98, 28.586)	(100, 28.628)
cell_01_val_R1	(1, 36.496)	(2, 35.546)	(3, 35.476)	(4, 35.628)	(5, 35.426)	(6, 35.48)	(7, 35.436)	(8, 35.67)	(9, 35.466)	(10, 35.608999999999995)	(12, 35.584999999999994)	(14, 34.513999999999996)	(16, 34.4)	(18, 34.586)	(20, 34.454)	(22, 34.44)	(24, 34.647)	(26, 34.042)	(28, 33.515)	(30, 33.541)	(32, 33.400999999999996)	(34, 33.41)	(36, 33.432)	(38, 32.987)	(40, 32.474999999999994)	(42, 32.494)	(44, 32.482)	(46, 32.540000000000006)	(48, 32.464)	(50, 32.474000000000004)	(52, 31.552)	(54, 31.595)	(56, 31.471)	(58, 31.447)	(60, 31.464)	(62, 31.451)	(64, 30.493000000000002)	(66, 30.548000000000002)	(68, 30.427)	(70, 30.725)	(72, 30.45)	(74, 30.512999999999998)	(76, 29.908)	(78, 29.457)	(80, 29.38)	(82, 29.511)	(84, 29.416)	(86, 29.569)	(88, 29.018)	(90, 28.53)	(92, 28.45190380761523)	(94, 28.504008016032063)	(96, 28.560120240480963)	(98, 28.51503006012024)	(100, 28.50300601202405)
cell_01_val_R2	(1, 36.422)	(2, 35.406)	(3, 35.642)	(4, 35.414)	(5, 35.52)	(6, 35.358)	(7, 35.498)	(8, 35.504)	(9, 35.498)	(10, 35.6)	(12, 35.533)	(14, 34.325)	(16, 34.486999999999995)	(18, 34.512)	(20, 34.522999999999996)	(22, 34.57599999999999)	(24, 34.438)	(26, 34.033)	(28, 33.488)	(30, 33.441)	(32, 33.480999999999995)	(34, 33.507999999999996)	(36, 33.373000000000005)	(38, 33.17)	(40, 32.572)	(42, 32.556)	(44, 32.522)	(46, 32.519000000000005)	(48, 32.602000000000004)	(50, 32.536)	(52, 31.542)	(54, 31.46)	(56, 31.403)	(58, 31.308999999999997)	(60, 31.545)	(62, 31.395)	(64, 30.481)	(66, 30.512999999999998)	(68, 30.442)	(70, 30.413)	(72, 30.380000000000003)	(74, 30.387)	(76, 30.086)	(78, 29.532)	(80, 29.564)	(82, 29.453000000000003)	(84, 29.57)	(86, 29.65)	(88, 28.97)	(90, 28.625999999999998)	(92, 28.318)	(94, 28.426000000000002)	(96, 28.525050100200403)	(98, 28.589178356713425)	(100, 28.62324649298597)
cell_02_R1	(1, 36.432)	(2, 35.418)	(3, 35.518)	(4, 35.64)	(5, 35.6)	(6, 35.526)	(7, 35.49)	(8, 35.384)	(9, 35.59)	(10, 35.462)	(12, 35.506)	(14, 34.604)	(16, 34.573)	(18, 34.492000000000004)	(20, 34.515)	(22, 34.537)	(24, 34.605000000000004)	(26, 34.091)	(28, 33.405)	(30, 33.547)	(32, 33.627)	(34, 33.629)	(36, 33.417)	(38, 33.09)	(40, 32.41)	(42, 32.411)	(44, 32.452)	(46, 32.435)	(48, 32.488)	(50, 32.497)	(52, 31.59)	(54, 31.534)	(56, 31.654000000000003)	(58, 31.500999999999998)	(60, 31.545)	(62, 31.526)	(64, 30.512999999999998)	(66, 30.568)	(68, 30.613)	(70, 30.537999999999997)	(72, 30.496000000000002)	(74, 30.578)	(76, 29.804000000000002)	(78, 29.591)	(80, 29.472)	(82, 29.484)	(84, 29.493000000000002)	(86, 29.468)	(88, 28.95)	(90, 28.546)	(92, 28.44)	(94, 28.463)	(96, 28.41)	(98, 28.455)	(100, 28.564)
cell_02_R2	(1, 36.724)	(2, 35.464)	(3, 35.466)	(4, 35.64)	(5, 35.46)	(6, 35.628)	(7, 35.45)	(8, 35.438)	(9, 35.468)	(10, 35.632999999999996)	(12, 35.436)	(14, 34.391999999999996)	(16, 34.405)	(18, 34.388000000000005)	(20, 34.462)	(22, 34.507999999999996)	(24, 34.59)	(26, 33.900000000000006)	(28, 33.428)	(30, 33.393)	(32, 33.504)	(34, 33.449)	(36, 33.433)	(38, 33.005)	(40, 32.515)	(42, 32.618)	(44, 32.608999999999995)	(46, 32.547)	(48, 32.443)	(50, 32.412000000000006)	(52, 31.621000000000002)	(54, 31.527)	(56, 31.524)	(58, 31.413)	(60, 31.511)	(62, 31.544)	(64, 30.535)	(66, 30.435000000000002)	(68, 30.436)	(70, 30.586)	(72, 30.532)	(74, 30.529)	(76, 29.95)	(78, 29.575000000000003)	(80, 29.645)	(82, 29.517000000000003)	(84, 29.641)	(86, 29.557000000000002)	(88, 28.953)	(90, 28.474)	(92, 28.524)	(94, 28.549)	(96, 28.53)	(98, 28.451)	(100, 28.378)
cell_02_val_R1	(1, 36.432)	(2, 35.418)	(3, 35.518)	(4, 35.64)	(5, 35.6)	(6, 35.526)	(7, 35.49)	(8, 35.384)	(9, 35.59)	(10, 35.462)	(12, 35.506)	(14, 34.604)	(16, 34.573)	(18, 34.492000000000004)	(20, 34.515)	(22, 34.537)	(24, 34.605000000000004)	(26, 34.091)	(28, 33.405)	(30, 33.547)	(32, 33.627)	(34, 33.629)	(36, 33.417)	(38, 33.09)	(40, 32.41)	(42, 32.411)	(44, 32.452)	(46, 32.435)	(48, 32.488)	(50, 32.497)	(52, 31.59)	(54, 31.534)	(56, 31.654000000000003)	(58, 31.500999999999998)	(60, 31.545)	(62, 31.526)	(64, 30.512999999999998)	(66, 30.568)	(68, 30.613)	(70, 30.537999999999997)	(72, 30.496000000000002)	(74, 30.578)	(76, 29.804000000000002)	(78, 29.591)	(80, 29.472)	(82, 29.484)	(84, 29.493000000000002)	(86, 29.468)	(88, 28.95)	(90, 28.546)	(92, 28.44)	(94, 28.463)	(96, 28.414829659318638)	(98, 28.45791583166333)	(100, 28.569138276553105)
cell_02_val_R2	(1, 36.724)	(2, 35.464)	(3, 35.466)	(4, 35.64)	(5, 35.46)	(6, 35.628)	(7, 35.45)	(8, 35.438)	(9, 35.468)	(10, 35.632999999999996)	(12, 35.436)	(14, 34.391999999999996)	(16, 34.405)	(18, 34.388000000000005)	(20, 34.462)	(22, 34.507999999999996)	(24, 34.59)	(26, 33.900000000000006)	(28, 33.428)	(30, 33.393)	(32, 33.504)	(34, 33.449)	(36, 33.433)	(38, 33.005)	(40, 32.515)	(42, 32.618)	(44, 32.608999999999995)	(46, 32.547)	(48, 32.443)	(50, 32.412000000000006)	(52, 31.621000000000002)	(54, 31.527)	(56, 31.524)	(58, 31.413)	(60, 31.511)	(62, 31.544)	(64, 30.535)	(66, 30.435000000000002)	(68, 30.436)	(70, 30.586)	(72, 30.532)	(74, 30.529)	(76, 29.95)	(78, 29.575000000000003)	(80, 29.645)	(82, 29.517000000000003)	(84, 29.641)	(86, 29.557000000000002)	(88, 28.953)	(90, 28.474)	(92, 28.524)	(94, 28.549)	(96, 28.53006012024048)	(98, 28.456913827655313)	(100, 28.384769539078157)
cell_03_R1	(1, 36.474)	(2, 35.598)	(3, 35.504)	(4, 35.558)	(5, 35.59)	(6, 35.406)	(7, 35.358)	(8, 35.57)	(9, 35.398)	(10, 35.55)	(12, 35.629000000000005)	(14, 34.412)	(16, 34.510000000000005)	(18, 34.534)	(20, 34.536)	(22, 34.57899999999999)	(24, 34.370000000000005)	(26, 34.021)	(28, 33.462999999999994)	(30, 33.39)	(32, 33.516999999999996)	(34, 33.598)	(36, 33.426)	(38, 33.055)	(40, 32.495000000000005)	(42, 32.492000000000004)	(44, 32.515)	(46, 32.44)	(48, 32.538)	(50, 32.489999999999995)	(52, 31.423000000000002)	(54, 31.733)	(56, 31.5)	(58, 31.525)	(60, 31.497999999999998)	(62, 31.547)	(64, 30.551000000000002)	(66, 30.426000000000002)	(68, 30.506)	(70, 30.499)	(72, 30.529)	(74, 30.375)	(76, 30.064)	(78, 29.391)	(80, 29.498)	(82, 29.402)	(84, 29.614)	(86, 29.467)	(88, 29.055999999999997)	(90, 28.54)	(92, 28.544)	(94, 28.536)	(96, 28.676000000000002)	(98, 28.417)	(100, 28.43)
cell_03_R2	(1, 36.528)	(2, 35.498)	(3, 35.554)	(4, 35.5)	(5, 35.518)	(6, 35.454)	(7, 35.532)	(8, 35.46)	(9, 35.516)	(10, 35.519999999999996)	(12, 35.637)	(14, 34.519)	(16, 34.54)	(18, 34.413)	(20, 34.318)	(22, 34.548)	(24, 34.572)	(26, 34.024)	(28, 33.541)	(30, 33.557)	(32, 33.342)	(34, 33.349)	(36, 33.555)	(38, 33.037)	(40, 32.378)	(42, 32.254)	(44, 32.588)	(46, 32.571)	(48, 32.31)	(50, 32.339)	(52, 31.542)	(54, 31.471)	(56, 31.381)	(58, 31.557000000000002)	(60, 31.491999999999997)	(62, 31.466)	(64, 30.476)	(66, 30.442999999999998)	(68, 30.467)	(70, 30.566000000000003)	(72, 30.473)	(74, 30.428)	(76, 30.073999999999998)	(78, 29.439)	(80, 29.545)	(82, 29.502000000000002)	(84, 29.34)	(86, 29.573)	(88, 28.973)	(90, 28.456)	(92, 28.472)	(94, 28.424)	(96, 28.5)	(98, 28.468)	(100, 28.588)
cell_03_val_R1	(1, 36.474)	(2, 35.598)	(3, 35.504)	(4, 35.558)	(5, 35.59)	(6, 35.406)	(7, 35.358)	(8, 35.57)	(9, 35.398)	(10, 35.55)	(12, 35.629000000000005)	(14, 34.412)	(16, 34.510000000000005)	(18, 34.534)	(20, 34.536)	(22, 34.57899999999999)	(24, 34.370000000000005)	(26, 34.021)	(28, 33.462999999999994)	(30, 33.39)	(32, 33.516999999999996)	(34, 33.598)	(36, 33.426)	(38, 33.055)	(40, 32.495000000000005)	(42, 32.492000000000004)	(44, 32.515)	(46, 32.44)	(48, 32.538)	(50, 32.489999999999995)	(52, 31.423000000000002)	(54, 31.733)	(56, 31.5)	(58, 31.525)	(60, 31.497999999999998)	(62, 31.547)	(64, 30.551000000000002)	(66, 30.426000000000002)	(68, 30.506)	(70, 30.499)	(72, 30.529)	(74, 30.375)	(76, 30.064)	(78, 29.391)	(80, 29.498)	(82, 29.402)	(84, 29.614)	(86, 29.467)	(88, 29.055999999999997)	(90, 28.54)	(92, 28.547623246492986)	(94, 28.537074148296593)	(96, 28.678068410462778)	(98, 28.416498993963785)	(100, 28.422535211267604)
cell_03_val_R2	(1, 36.528)	(2, 35.498)	(3, 35.554)	(4, 35.5)	(5, 35.518)	(6, 35.454)	(7, 35.532)	(8, 35.46)	(9, 35.516)	(10, 35.519999999999996)	(12, 35.637)	(14, 34.519)	(16, 34.54)	(18, 34.413)	(20, 34.318)	(22, 34.548)	(24, 34.572)	(26, 34.024)	(28, 33.541)	(30, 33.557)	(32, 33.342)	(34, 33.349)	(36, 33.555)	(38, 33.037)	(40, 32.378)	(42, 32.254)	(44, 32.588)	(46, 32.571)	(48, 32.31)	(50, 32.339)	(52, 31.542)	(54, 31.471)	(56, 31.381)	(58, 31.557000000000002)	(60, 31.491999999999997)	(62, 31.466)	(64, 30.476)	(66, 30.442999999999998)	(68, 30.467)	(70, 30.566000000000003)	(72, 30.473)	(74, 30.428)	(76, 30.073999999999998)	(78, 29.439)	(80, 29.545)	(82, 29.502000000000002)	(84, 29.34)	(86, 29.573)	(88, 28.973)	(90, 28.456)	(92, 28.470595190380763)	(94, 28.42433260094486)	(96, 28.50201207243461)	(98, 28.47082494969819)	(100, 28.58350100603622)
cell_04_R1	(1, 36.552)	(2, 35.482)	(3, 35.602)	(4, 35.566)	(5, 35.596)	(6, 35.456)	(7, 35.644)	(8, 35.576)	(9, 35.364)	(10, 35.421)	(12, 35.572)	(14, 34.577)	(16, 34.326)	(18, 34.605000000000004)	(20, 34.53)	(22, 34.446)	(24, 34.510000000000005)	(26, 33.979)	(28, 33.589)	(30, 33.598)	(32, 33.414)	(34, 33.543000000000006)	(36, 33.409)	(38, 33.123000000000005)	(40, 32.688)	(42, 32.406000000000006)	(44, 32.416)	(46, 32.457)	(48, 32.622)	(50, 32.562)	(52, 31.285)	(54, 31.5)	(56, 31.46)	(58, 31.424)	(60, 31.68)	(62, 31.445)	(64, 30.529)	(66, 30.573)	(68, 30.413)	(70, 30.52)	(72, 30.52)	(74, 30.533)	(76, 29.977)	(78, 29.476)	(80, 29.463)	(82, 29.384)	(84, 29.446)	(86, 29.53)	(88, 29.006)	(90, 28.516)	(92, 28.552)	(94, 28.459)	(96, 28.555999999999997)	(98, 28.551000000000002)	(100, 28.576)
cell_04_R2	(1, 36.518)	(2, 35.546)	(3, 35.344)	(4, 35.324)	(5, 35.542)	(6, 35.302)	(7, 35.562)	(8, 35.616)	(9, 35.54)	(10, 35.574)	(12, 35.436)	(14, 34.599000000000004)	(16, 34.559)	(18, 34.412)	(20, 34.516999999999996)	(22, 34.39)	(24, 34.486000000000004)	(26, 33.866)	(28, 33.47)	(30, 33.474000000000004)	(32, 33.474000000000004)	(34, 33.485)	(36, 33.489000000000004)	(38, 33.031000000000006)	(40, 32.564)	(42, 32.46)	(44, 32.507000000000005)	(46, 32.5)	(48, 32.496)	(50, 32.474000000000004)	(52, 31.461)	(54, 31.383000000000003)	(56, 31.415)	(58, 31.54)	(60, 31.375)	(62, 31.575)	(64, 30.484)	(66, 30.682)	(68, 30.541)	(70, 30.359)	(72, 30.546)	(74, 30.603)	(76, 30.023)	(78, 29.578000000000003)	(80, 29.549)	(82, 29.488)	(84, 29.677)	(86, 29.439999999999998)	(88, 28.959)	(90, 28.535)	(92, 28.477)	(94, 28.621000000000002)	(96, 28.48)	(98, 28.552)	(100, 28.486)
cell_04_val_R1	(1, 36.552)	(2, 35.482)	(3, 35.602)	(4, 35.566)	(5, 35.596)	(6, 35.456)	(7, 35.644)	(8, 35.576)	(9, 35.364)	(10, 35.421)	(12, 35.572)	(14, 34.577)	(16, 34.326)	(18, 34.605000000000004)	(20, 34.53)	(22, 34.446)	(24, 34.510000000000005)	(26, 33.979)	(28, 33.589)	(30, 33.598)	(32, 33.414)	(34, 33.543000000000006)	(36, 33.409)	(38, 33.123000000000005)	(40, 32.688)	(42, 32.406000000000006)	(44, 32.416)	(46, 32.457)	(48, 32.622)	(50, 32.562)	(52, 31.285)	(54, 31.5)	(56, 31.46)	(58, 31.424)	(60, 31.68)	(62, 31.445)	(64, 30.529)	(66, 30.573)	(68, 30.413)	(70, 30.52)	(72, 30.52)	(74, 30.533)	(76, 29.977)	(78, 29.476)	(80, 29.463)	(82, 29.384)	(84, 29.446)	(86, 29.53)	(88, 29.006)	(90, 28.516)	(92, 28.552)	(94, 28.459)	(96, 28.555999999999997)	(98, 28.551000000000002)	(100, 28.576)
cell_04_val_R2	(1, 36.518)	(2, 35.546)	(3, 35.344)	(4, 35.324)	(5, 35.542)	(6, 35.302)	(7, 35.562)	(8, 35.616)	(9, 35.54)	(10, 35.574)	(12, 35.436)	(14, 34.599000000000004)	(16, 34.559)	(18, 34.412)	(20, 34.516999999999996)	(22, 34.39)	(24, 34.486000000000004)	(26, 33.866)	(28, 33.47)	(30, 33.474000000000004)	(32, 33.474000000000004)	(34, 33.485)	(36, 33.489000000000004)	(38, 33.031000000000006)	(40, 32.564)	(42, 32.46)	(44, 32.507000000000005)	(46, 32.5)	(48, 32.496)	(50, 32.474000000000004)	(52, 31.461)	(54, 31.383000000000003)	(56, 31.415)	(58, 31.54)	(60, 31.375)	(62, 31.575)	(64, 30.484)	(66, 30.682)	(68, 30.541)	(70, 30.359)	(72, 30.546)	(74, 30.603)	(76, 30.023)	(78, 29.578000000000003)	(80, 29.549)	(82, 29.488)	(84, 29.677)	(86, 29.439999999999998)	(88, 28.959)	(90, 28.535)	(92, 28.47795591182365)	(94, 28.61923847695391)	(96, 28.483967935871746)	(98, 28.5561122244489)	(100, 28.488977955911825)
cell_05_R1	(1, 36.622)	(2, 35.368)	(3, 35.47)	(4, 35.484)	(5, 35.444)	(6, 35.586)	(7, 35.566)	(8, 35.358)	(9, 35.586)	(10, 35.581)	(12, 35.473)	(14, 34.635000000000005)	(16, 34.632999999999996)	(18, 34.369)	(20, 34.581)	(22, 34.448)	(24, 34.54)	(26, 33.915)	(28, 33.473)	(30, 33.485)	(32, 33.527)	(34, 33.388999999999996)	(36, 33.585)	(38, 33.135999999999996)	(40, 32.548)	(42, 32.588)	(44, 32.608)	(46, 32.584999999999994)	(48, 32.508)	(50, 32.566)	(52, 31.593)	(54, 31.5)	(56, 31.542)	(58, 31.439)	(60, 31.564999999999998)	(62, 31.607)	(64, 30.445)	(66, 30.573)	(68, 30.598)	(70, 30.436)	(72, 30.448)	(74, 30.506999999999998)	(76, 30.043999999999997)	(78, 29.611)	(80, 29.522)	(82, 29.541)	(84, 29.531)	(86, 29.458)	(88, 28.923000000000002)	(90, 28.554000000000002)	(92, 28.457)	(94, 28.502000000000002)	(96, 28.426)	(98, 28.537)	(100, 28.578)
cell_05_R2	(1, 36.622)	(2, 35.538)	(3, 35.556)	(4, 35.432)	(5, 35.522)	(6, 35.66)	(7, 35.506)	(8, 35.358)	(9, 35.596)	(10, 35.518)	(12, 35.527)	(14, 34.417)	(16, 34.538)	(18, 34.581)	(20, 34.568)	(22, 34.474999999999994)	(24, 34.532)	(26, 33.939)	(28, 33.483000000000004)	(30, 33.463)	(32, 33.434)	(34, 33.56)	(36, 33.481)	(38, 33.116)	(40, 32.525)	(42, 32.428)	(44, 32.541)	(46, 32.614000000000004)	(48, 32.519999999999996)	(50, 32.348)	(52, 31.525)	(54, 31.479)	(56, 31.457)	(58, 31.427999999999997)	(60, 31.354)	(62, 31.602)	(64, 30.512)	(66, 30.576)	(68, 30.389000000000003)	(70, 30.476)	(72, 30.618000000000002)	(74, 30.36)	(76, 29.939)	(78, 29.433)	(80, 29.342)	(82, 29.447000000000003)	(84, 29.646)	(86, 29.606)	(88, 29.035)	(90, 28.584000000000003)	(92, 28.511000000000003)	(94, 28.631)	(96, 28.433)	(98, 28.325)	(100, 28.526)
cell_05_val_R1	(1, 36.622)	(2, 35.368)	(3, 35.47)	(4, 35.484)	(5, 35.444)	(6, 35.586)	(7, 35.566)	(8, 35.358)	(9, 35.586)	(10, 35.581)	(12, 35.473)	(14, 34.635000000000005)	(16, 34.632999999999996)	(18, 34.369)	(20, 34.581)	(22, 34.448)	(24, 34.54)	(26, 33.915)	(28, 33.473)	(30, 33.485)	(32, 33.527)	(34, 33.388999999999996)	(36, 33.585)	(38, 33.135999999999996)	(40, 32.548)	(42, 32.588)	(44, 32.608)	(46, 32.584999999999994)	(48, 32.508)	(50, 32.566)	(52, 31.593)	(54, 31.5)	(56, 31.542)	(58, 31.439)	(60, 31.564999999999998)	(62, 31.607)	(64, 30.445)	(66, 30.573)	(68, 30.598)	(70, 30.436)	(72, 30.448)	(74, 30.506999999999998)	(76, 30.043999999999997)	(78, 29.611)	(80, 29.522)	(82, 29.541)	(84, 29.531)	(86, 29.458)	(88, 28.923000000000002)	(90, 28.554000000000002)	(92, 28.45390781563126)	(94, 28.5)	(96, 28.425851703406813)	(98, 28.53807615230461)	(100, 28.571142284569138)
cell_05_val_R2	(1, 36.622)	(2, 35.538)	(3, 35.556)	(4, 35.432)	(5, 35.522)	(6, 35.66)	(7, 35.506)	(8, 35.358)	(9, 35.596)	(10, 35.518)	(12, 35.527)	(14, 34.417)	(16, 34.538)	(18, 34.581)	(20, 34.568)	(22, 34.474999999999994)	(24, 34.532)	(26, 33.939)	(28, 33.483000000000004)	(30, 33.463)	(32, 33.434)	(34, 33.56)	(36, 33.481)	(38, 33.116)	(40, 32.525)	(42, 32.428)	(44, 32.541)	(46, 32.614000000000004)	(48, 32.519999999999996)	(50, 32.348)	(52, 31.525)	(54, 31.479)	(56, 31.457)	(58, 31.427999999999997)	(60, 31.354)	(62, 31.602)	(64, 30.512)	(66, 30.576)	(68, 30.389000000000003)	(70, 30.476)	(72, 30.618000000000002)	(74, 30.36)	(76, 29.939)	(78, 29.433)	(80, 29.342)	(82, 29.447000000000003)	(84, 29.646)	(86, 29.606)	(88, 29.035)	(90, 28.584000000000003)	(92, 28.512024048096194)	(94, 28.63627254509018)	(96, 28.432865731462925)	(98, 28.32565130260521)	(100, 28.529058116232466)
cell_06_R1	(1, 36.554)	(2, 35.488)	(3, 35.464)	(4, 35.388)	(5, 35.51)	(6, 35.546)	(7, 35.532)	(8, 35.466)	(9, 35.368)	(10, 35.568)	(12, 35.456)	(14, 34.585)	(16, 34.592)	(18, 34.456)	(20, 34.459)	(22, 34.463)	(24, 34.525)	(26, 34.041)	(28, 33.483999999999995)	(30, 33.379000000000005)	(32, 33.484)	(34, 33.569)	(36, 33.585)	(38, 32.936)	(40, 32.562)	(42, 32.474000000000004)	(44, 32.483000000000004)	(46, 32.525000000000006)	(48, 32.429)	(50, 32.632999999999996)	(52, 31.526)	(54, 31.485)	(56, 31.63)	(58, 31.541)	(60, 31.394)	(62, 31.464)	(64, 30.539)	(66, 30.551)	(68, 30.332)	(70, 30.475)	(72, 30.401000000000003)	(74, 30.43)	(76, 30.055)	(78, 29.479)	(80, 29.439999999999998)	(82, 29.576999999999998)	(84, 29.461)	(86, 29.461)	(88, 29.099)	(90, 28.45)	(92, 28.469)	(94, 28.454)	(96, 28.561)	(98, 28.432000000000002)	(100, 28.802)
cell_06_R2	(1, 36.594)	(2, 35.726)	(3, 35.454)	(4, 35.484)	(5, 35.448)	(6, 35.312)	(7, 35.542)	(8, 35.508)	(9, 35.354)	(10, 35.604)	(12, 35.547)	(14, 34.608999999999995)	(16, 34.528999999999996)	(18, 34.427)	(20, 34.5)	(22, 34.547)	(24, 34.438)	(26, 33.972)	(28, 33.671)	(30, 33.599000000000004)	(32, 33.588)	(34, 33.537)	(36, 33.533)	(38, 32.808)	(40, 32.483000000000004)	(42, 32.394999999999996)	(44, 32.447)	(46, 32.43300000000001)	(48, 32.607)	(50, 32.504999999999995)	(52, 31.418)	(54, 31.334)	(56, 31.447)	(58, 31.521)	(60, 31.543999999999997)	(62, 31.511000000000003)	(64, 30.552)	(66, 30.393)	(68, 30.496000000000002)	(70, 30.442999999999998)	(72, 30.353)	(74, 30.534)	(76, 29.924)	(78, 29.484)	(80, 29.46)	(82, 29.558)	(84, 29.376)	(86, 29.564999999999998)	(88, 29.055999999999997)	(90, 28.521)	(92, 28.546)	(94, 28.517000000000003)	(96, 28.625999999999998)	(98, 28.594)	(100, 28.39)
cell_06_val_R1	(1, 36.554)	(2, 35.488)	(3, 35.464)	(4, 35.388)	(5, 35.51)	(6, 35.546)	(7, 35.532)	(8, 35.466)	(9, 35.368)	(10, 35.568)	(12, 35.456)	(14, 34.585)	(16, 34.592)	(18, 34.456)	(20, 34.459)	(22, 34.463)	(24, 34.525)	(26, 34.041)	(28, 33.483999999999995)	(30, 33.379000000000005)	(32, 33.484)	(34, 33.569)	(36, 33.585)	(38, 32.936)	(40, 32.562)	(42, 32.474000000000004)	(44, 32.483000000000004)	(46, 32.525000000000006)	(48, 32.429)	(50, 32.632999999999996)	(52, 31.526)	(54, 31.485)	(56, 31.63)	(58, 31.541)	(60, 31.394)	(62, 31.464)	(64, 30.539)	(66, 30.551)	(68, 30.332)	(70, 30.475)	(72, 30.401000000000003)	(74, 30.43)	(76, 30.055)	(78, 29.479)	(80, 29.439999999999998)	(82, 29.576999999999998)	(84, 29.461)	(86, 29.461)	(88, 29.099)	(90, 28.45)	(92, 28.468080482897385)	(94, 28.452716297786722)	(96, 28.569416498993963)	(98, 28.432595573440643)	(100, 28.802816901408452)
cell_06_val_R2	(1, 36.594)	(2, 35.726)	(3, 35.454)	(4, 35.484)	(5, 35.448)	(6, 35.312)	(7, 35.542)	(8, 35.508)	(9, 35.354)	(10, 35.604)	(12, 35.547)	(14, 34.608999999999995)	(16, 34.528999999999996)	(18, 34.427)	(20, 34.5)	(22, 34.547)	(24, 34.438)	(26, 33.972)	(28, 33.671)	(30, 33.599000000000004)	(32, 33.588)	(34, 33.537)	(36, 33.533)	(38, 32.808)	(40, 32.483000000000004)	(42, 32.394999999999996)	(44, 32.447)	(46, 32.43300000000001)	(48, 32.607)	(50, 32.504999999999995)	(52, 31.418)	(54, 31.334)	(56, 31.447)	(58, 31.521)	(60, 31.543999999999997)	(62, 31.511000000000003)	(64, 30.552)	(66, 30.393)	(68, 30.496000000000002)	(70, 30.442999999999998)	(72, 30.353)	(74, 30.534)	(76, 29.924)	(78, 29.484)	(80, 29.46)	(82, 29.558)	(84, 29.376)	(86, 29.564999999999998)	(88, 29.055999999999997)	(90, 28.521)	(92, 28.54653507014028)	(94, 28.51302605210421)	(96, 28.6312625250501)	(98, 28.599198396793586)	(100, 28.382765531062123)
cell_07_R1	(1, 36.458)	(2, 35.578)	(3, 35.48)	(4, 35.442)	(5, 35.51)	(6, 35.446)	(7, 35.45)	(8, 35.472)	(9, 35.314)	(10, 35.509)	(12, 35.507000000000005)	(14, 34.533)	(16, 34.514)	(18, 34.400999999999996)	(20, 34.370000000000005)	(22, 34.464)	(24, 34.479)	(26, 33.969)	(28, 33.534)	(30, 33.537)	(32, 33.489999999999995)	(34, 33.487)	(36, 33.498999999999995)	(38, 32.862)	(40, 32.527)	(42, 32.644999999999996)	(44, 32.498000000000005)	(46, 32.516000000000005)	(48, 32.652)	(50, 32.475)	(52, 31.559)	(54, 31.384)	(56, 31.539)	(58, 31.45)	(60, 31.451)	(62, 31.451)	(64, 30.369)	(66, 30.573999999999998)	(68, 30.447)	(70, 30.666)	(72, 30.598)	(74, 30.522)	(76, 29.987000000000002)	(78, 29.471)	(80, 29.549)	(82, 29.613)	(84, 29.648)	(86, 29.503999999999998)	(88, 29.044)	(90, 28.53)	(92, 28.347)	(94, 28.631)	(96, 28.429000000000002)	(98, 28.421)	(100, 28.518)
cell_07_R2	(1, 36.516)	(2, 35.42)	(3, 35.502)	(4, 35.478)	(5, 35.414)	(6, 35.57)	(7, 35.46)	(8, 35.648)	(9, 35.636)	(10, 35.516000000000005)	(12, 35.516)	(14, 34.5)	(16, 34.532)	(18, 34.516)	(20, 34.468)	(22, 34.403)	(24, 34.474999999999994)	(26, 33.891)	(28, 33.644)	(30, 33.456999999999994)	(32, 33.587)	(34, 33.582)	(36, 33.388000000000005)	(38, 33.034000000000006)	(40, 32.564)	(42, 32.531)	(44, 32.416)	(46, 32.435)	(48, 32.343999999999994)	(50, 32.629999999999995)	(52, 31.472)	(54, 31.467)	(56, 31.416)	(58, 31.406)	(60, 31.468)	(62, 31.476)	(64, 30.624)	(66, 30.441)	(68, 30.339)	(70, 30.447)	(72, 30.387)	(74, 30.531)	(76, 30.099)	(78, 29.54)	(80, 29.553)	(82, 29.55)	(84, 29.438000000000002)	(86, 29.46)	(88, 28.955)	(90, 28.424)	(92, 28.539)	(94, 28.424999999999997)	(96, 28.45)	(98, 28.386)	(100, 28.514)
cell_07_val_R1	(1, 36.458)	(2, 35.578)	(3, 35.48)	(4, 35.442)	(5, 35.51)	(6, 35.446)	(7, 35.45)	(8, 35.472)	(9, 35.314)	(10, 35.509)	(12, 35.507000000000005)	(14, 34.533)	(16, 34.514)	(18, 34.400999999999996)	(20, 34.370000000000005)	(22, 34.464)	(24, 34.479)	(26, 33.969)	(28, 33.534)	(30, 33.537)	(32, 33.489999999999995)	(34, 33.487)	(36, 33.498999999999995)	(38, 32.862)	(40, 32.527)	(42, 32.644999999999996)	(44, 32.498000000000005)	(46, 32.516000000000005)	(48, 32.652)	(50, 32.475)	(52, 31.559)	(54, 31.384)	(56, 31.539)	(58, 31.45)	(60, 31.451)	(62, 31.451)	(64, 30.369)	(66, 30.573999999999998)	(68, 30.447)	(70, 30.666)	(72, 30.598)	(74, 30.522)	(76, 29.987000000000002)	(78, 29.471)	(80, 29.549)	(82, 29.613)	(84, 29.648)	(86, 29.503999999999998)	(88, 29.044)	(90, 28.53)	(92, 28.347)	(94, 28.631)	(96, 28.429000000000002)	(98, 28.421)	(100, 28.518)
cell_07_val_R2	(1, 36.516)	(2, 35.42)	(3, 35.502)	(4, 35.478)	(5, 35.414)	(6, 35.57)	(7, 35.46)	(8, 35.648)	(9, 35.636)	(10, 35.516000000000005)	(12, 35.516)	(14, 34.5)	(16, 34.532)	(18, 34.516)	(20, 34.468)	(22, 34.403)	(24, 34.474999999999994)	(26, 33.891)	(28, 33.644)	(30, 33.456999999999994)	(32, 33.587)	(34, 33.582)	(36, 33.388000000000005)	(38, 33.034000000000006)	(40, 32.564)	(42, 32.531)	(44, 32.416)	(46, 32.435)	(48, 32.343999999999994)	(50, 32.629999999999995)	(52, 31.472)	(54, 31.467)	(56, 31.416)	(58, 31.406)	(60, 31.468)	(62, 31.476)	(64, 30.624)	(66, 30.441)	(68, 30.339)	(70, 30.447)	(72, 30.387)	(74, 30.531)	(76, 30.099)	(78, 29.54)	(80, 29.553)	(82, 29.55)	(84, 29.438000000000002)	(86, 29.46)	(88, 28.955)	(90, 28.426394789579156)	(92, 28.541082164328657)	(94, 28.42570281124498)	(96, 28.4476861167002)	(98, 28.38933601609658)	(100, 28.52112676056338)
cell_08_R1	(1, 36.492)	(2, 35.544)	(3, 35.59)	(4, 35.434)	(5, 35.514)	(6, 35.478)	(7, 35.486)	(8, 35.612)	(9, 35.512)	(10, 35.59)	(12, 35.432)	(14, 34.563)	(16, 34.584999999999994)	(18, 34.548)	(20, 34.572)	(22, 34.614999999999995)	(24, 34.406000000000006)	(26, 33.906000000000006)	(28, 33.625)	(30, 33.533)	(32, 33.595)	(34, 33.434)	(36, 33.446)	(38, 33.093)	(40, 32.524)	(42, 32.57)	(44, 32.566)	(46, 32.548)	(48, 32.507999999999996)	(50, 32.57)	(52, 31.514)	(54, 31.457)	(56, 31.62)	(58, 31.57)	(60, 31.582)	(62, 31.439999999999998)	(64, 30.428)	(66, 30.512)	(68, 30.500999999999998)	(70, 30.503999999999998)	(72, 30.521)	(74, 30.503)	(76, 29.988999999999997)	(78, 29.562)	(80, 29.634)	(82, 29.463)	(84, 29.402)	(86, 29.517)	(88, 29.024)	(90, 28.445999999999998)	(92, 28.505)	(94, 28.523)	(96, 28.456)	(98, 28.447)	(100, 28.436)
cell_08_R2	(1, 36.462)	(2, 35.568)	(3, 35.57)	(4, 35.372)	(5, 35.46)	(6, 35.53)	(7, 35.476)	(8, 35.454)	(9, 35.688)	(10, 35.399)	(12, 35.513999999999996)	(14, 34.541)	(16, 34.564)	(18, 34.372)	(20, 34.422)	(22, 34.515)	(24, 34.414)	(26, 33.88)	(28, 33.448)	(30, 33.45)	(32, 33.4)	(34, 33.499)	(36, 33.545)	(38, 33.001000000000005)	(40, 32.457)	(42, 32.507)	(44, 32.628)	(46, 32.494)	(48, 32.422)	(50, 32.497)	(52, 31.506)	(54, 31.467)	(56, 31.524)	(58, 31.315)	(60, 31.462)	(62, 31.464)	(64, 30.469)	(66, 30.455)	(68, 30.479)	(70, 30.627)	(72, 30.554000000000002)	(74, 30.532)	(76, 29.926000000000002)	(78, 29.567999999999998)	(80, 29.562)	(82, 29.459000000000003)	(84, 29.616)	(86, 29.467)	(88, 29.058)	(90, 28.541)	(92, 28.531)	(94, 28.407)	(96, 28.375)	(98, 28.511)	(100, 28.394)
cell_08_val_R1	(1, 36.492)	(2, 35.544)	(3, 35.59)	(4, 35.434)	(5, 35.514)	(6, 35.478)	(7, 35.486)	(8, 35.612)	(9, 35.512)	(10, 35.59)	(12, 35.432)	(14, 34.563)	(16, 34.584999999999994)	(18, 34.548)	(20, 34.572)	(22, 34.614999999999995)	(24, 34.406000000000006)	(26, 33.906000000000006)	(28, 33.625)	(30, 33.533)	(32, 33.595)	(34, 33.434)	(36, 33.446)	(38, 33.093)	(40, 32.524)	(42, 32.57)	(44, 32.566)	(46, 32.548)	(48, 32.507999999999996)	(50, 32.57)	(52, 31.514)	(54, 31.457)	(56, 31.62)	(58, 31.57)	(60, 31.582)	(62, 31.439999999999998)	(64, 30.428)	(66, 30.512)	(68, 30.500999999999998)	(70, 30.503999999999998)	(72, 30.521)	(74, 30.503)	(76, 29.988999999999997)	(78, 29.562)	(80, 29.634)	(82, 29.463)	(84, 29.402)	(86, 29.517)	(88, 29.024)	(90, 28.445999999999998)	(92, 28.505)	(94, 28.523)	(96, 28.456)	(98, 28.447)	(100, 28.436)
cell_08_val_R2	(1, 36.462)	(2, 35.568)	(3, 35.57)	(4, 35.372)	(5, 35.46)	(6, 35.53)	(7, 35.476)	(8, 35.454)	(9, 35.688)	(10, 35.399)	(12, 35.513999999999996)	(14, 34.541)	(16, 34.564)	(18, 34.372)	(20, 34.422)	(22, 34.515)	(24, 34.414)	(26, 33.88)	(28, 33.448)	(30, 33.45)	(32, 33.4)	(34, 33.499)	(36, 33.545)	(38, 33.001000000000005)	(40, 32.457)	(42, 32.507)	(44, 32.628)	(46, 32.494)	(48, 32.422)	(50, 32.497)	(52, 31.506)	(54, 31.467)	(56, 31.524)	(58, 31.315)	(60, 31.462)	(62, 31.464)	(64, 30.469)	(66, 30.455)	(68, 30.479)	(70, 30.627)	(72, 30.554000000000002)	(74, 30.532)	(76, 29.926000000000002)	(78, 29.567999999999998)	(80, 29.562)	(82, 29.459000000000003)	(84, 29.616)	(86, 29.467)	(88, 29.058)	(90, 28.541)	(92, 28.531)	(94, 28.407)	(96, 28.373747494989978)	(98, 28.511022044088175)	(100, 28.394789579158317)
scRNA_sample_01_R1	(1, 36.14724823018954)	(2, 36.12413793103448)	(3, 36.13583009819593)	(4, 36.14368577300753)	(5, 36.11532313313542)	(6, 36.14167618177666)	(7, 36.128705183831926)	(8, 36.11048184517013)	(9, 36.12144325188399)	(10, 36.117058689198444)	(11, 36.13354647179722)	(12, 36.10984242977849)	(13, 36.13971226307376)	(14, 36.13080612011875)	(15, 36.104316053893584)	(16, 36.12783740580041)	(17, 36.14149349166476)	(18, 36.10673669787623)	(19, 36.1112582781457)	(20, 36.173190226079015)	(21, 36.126786937657)	(22, 36.15131308517927)	(23, 36.11240009134506)	(24, 36.10975108472254)	(25, 36.127654715688514)	(26, 36.13423155971683)	(27, 36.11399862982416)	(28, 36.12719799040877)																											
scRNA_sample_01_R2	(1, 33.07887645581183)	(2, 33.190271751541445)	(3, 33.1266042475451)	(4, 33.18004110527518)	(5, 33.17108928979219)	(6, 33.134825302580495)	(7, 33.1837405800411)	(8, 33.16405572048413)	(9, 33.10796985613154)	(10, 33.17234528431149)	(12, 33.15713633249601)	(14, 33.14480474994291)	(16, 33.163461977620464)	(18, 33.12059831011646)	(20, 33.126855446448964)	(22, 32.830463576158934)	(24, 32.402055263758854)	(26, 31.99837862525691)	(28, 31.59442795158712)	(30, 31.12137474309203)	(32, 30.753688056633933)	(34, 30.30260333409454)	(36, 29.830417903630966)	(38, 29.44781913678922)	(40, 28.99938342087235)	(42, 28.582142041562)	(44, 28.136652203699477)	(46, 27.693537337291616)	(48, 27.241927380680522)	(50, 26.901826901118977)	(52, 26.40408769125371)	(54, 25.99885818680064)	(56, 25.533843343229044)	(58, 25.10762731217173)	(60, 24.682621603105733)	(62, 24.252888787394383)	(64, 23.822927609043163)	(66, 23.34832153459694)	(68, 22.94014615208952)	(70, 22.516031057319022)	(72, 22.071660196391868)	(74, 21.690431605389357)	(76, 21.251792646722997)	(78, 20.801941082438915)	(80, 20.434026424357903)	(82, 20.02965372106371)	(84, 19.639037688922897)	(86, 19.179476755308976)	(88, 18.779558063898985)	(90, 18.35266183521832)					
scRNA_sample_01_val_R1	(1, 36.14909124457976)	(2, 36.12399667866039)	(3, 36.13451425408248)	(4, 36.14507795922133)	(5, 36.116200756527356)	(6, 36.141756619614355)	(7, 36.128102223452345)	(8, 36.1126026386198)	(9, 36.12210536027309)	(10, 36.11693883199557)	(11, 36.13248454654489)	(12, 36.107067072608174)	(13, 36.14046498754497)	(14, 36.132899713995755)	(15, 36.10559092167174)	(16, 36.127410277700896)	(17, 36.142494695082576)	(18, 36.10909678014577)	(19, 36.112418119752746)	(20, 36.17432419964941)	(21, 36.12653381308239)	(22, 36.15038287664914)	(23, 36.11315619522096)	(24, 36.11089583909955)	(25, 36.12773318571824)	(26, 36.13802011255651)	(27, 36.11661592397823)	(28, 36.13123904419227)																											
scRNA_sample_01_val_R2	(1, 33.08298736045761)	(2, 33.19208414060338)	(3, 33.12791770458529)	(4, 33.180413322262204)	(5, 33.17340160531414)	(6, 33.13802011255651)	(7, 33.1838269213027)	(8, 33.16652827751638)	(9, 33.11015776363133)	(10, 33.17404742134883)	(12, 33.15769443675616)	(14, 33.14505489436294)	(16, 33.16071593320417)	(18, 33.11903773410831)	(20, 33.12867884491189)	(22, 32.83153427437955)	(24, 32.40326598394686)	(26, 31.99755512501153)	(28, 31.598140972414427)	(30, 31.12397361380201)	(32, 30.75244487498847)	(34, 30.306209059876373)	(36, 29.831165236645447)	(38, 29.44865762524218)	(40, 28.987380733963647)	(42, 28.56390977443609)	(44, 28.116513069588216)	(46, 27.68652486434864)	(48, 27.24906127531151)	(50, 26.890662607689897)	(52, 26.410891210212654)	(54, 26.015058580815676)	(56, 25.584404963518338)	(58, 25.144336215261273)	(60, 24.702063229657703)	(62, 24.294113459027947)	(64, 23.89483637430874)	(66, 23.440492600709014)	(68, 23.066343337091517)	(70, 22.67933456529038)	(72, 22.25824131026549)	(74, 21.917223253789444)	(76, 21.518958874491414)	(78, 21.153314146266283)	(80, 20.818201645663862)	(82, 20.516435562355177)	(84, 20.371742695075042)	(86, 20.325682212822336)	(88, 21.35199260476582)	(90, 20.94453574363188)					
